120  1035437  68  1041407  10.000000
68  1041407  71  1065982  22.000000
71  1065982  73  1073824  7.000000
73  1073824  74  1082574  10.000000
74  1082574  92  1085171  0.500000
92  1085171  31  1094858  11.000000
31  1094858  32  1105775  10.000000
32  1105775  33  1117047  12.000000
33  1117047  34  1124094  10.000000
34  1124094  35  1130537  7.000000
35  1130537  36  1138207  9.000000
36  1138207  37  1148852  12.000000
37  1148852  38  1159576  12.000000
38  1159576  39  1169328  15.000000
39  1169328  755  1173775  7.000000
755  1173775  44  1198097  28.000000
44  1198097  46  1215727  26.000000
