1137207.000000	0	41.000000	0.500000	0.000000	0.000000	45.000000
1137212.750000	0	40.974060	0.500000	0.000000	0.051879	45.000000
1137218.500000	0	40.948132	0.500000	0.000000	0.051858	45.000000
1137224.125000	0	40.922215	0.500000	0.000000	0.051837	45.000000
1137229.750000	0	40.896374	0.500000	0.000000	0.051685	45.000000
1137235.375000	0	40.870541	0.500000	0.000000	0.051664	45.000000
1137241.000000	0	40.844784	0.500000	0.000000	0.051512	45.000000
1137246.625000	0	40.819038	0.500000	0.000000	0.051491	45.000000
1137252.250000	0	40.793369	0.500000	0.000000	0.051339	45.000000
1137257.875000	0	40.767712	0.500000	0.000000	0.051318	45.000000
1137263.500000	0	40.742062	0.500000	0.000000	0.051298	45.000000
1137269.125000	0	40.716488	0.500000	0.000000	0.051146	45.000000
1137274.750000	0	40.690926	0.500000	0.000000	0.051125	45.000000
1137280.375000	0	40.665440	0.500000	0.000000	0.050973	45.000000
1137286.000000	0	40.639961	0.500000	0.000000	0.050953	45.000000
1137291.625000	0	40.614559	0.500000	0.000000	0.050801	45.000000
1137297.250000	0	40.589169	0.500000	0.000000	0.050781	45.000000
1137302.875000	0	40.563854	0.500000	0.000000	0.050628	45.000000
1137308.500000	0	40.538551	0.500000	0.000000	0.050609	45.000000
1137314.125000	0	40.513256	0.500000	0.000000	0.050589	45.000000
1137319.750000	0	40.488037	0.500000	0.000000	0.050437	45.000000
1137325.375000	0	40.462830	0.500000	0.000000	0.050417	45.000000
1137331.000000	0	40.437698	0.500000	0.000000	0.050265	45.000000
1137336.625000	0	40.412575	0.500000	0.000000	0.050245	45.000000
1137342.250000	0	40.387527	0.500000	0.000000	0.050093	45.000000
1137347.875000	0	40.362492	0.500000	0.000000	0.050074	45.000000
1137353.500000	0	40.337463	0.500000	0.000000	0.050054	45.000000
1137359.125000	0	40.312511	0.500000	0.000000	0.049902	45.000000
1137364.750000	0	40.287571	0.500000	0.000000	0.049883	45.000000
1137370.375000	0	40.262707	0.500000	0.000000	0.049731	45.000000
1137376.000000	0	40.237850	0.500000	0.000000	0.049711	45.000000
1137381.625000	0	40.213070	0.500000	0.000000	0.049560	45.000000
1137387.250000	0	40.188301	0.500000	0.000000	0.049540	45.000000
1137392.875000	0	40.163540	0.500000	0.000000	0.049521	45.000000
1137398.500000	0	40.138855	0.500000	0.000000	0.049370	45.000000
1137404.125000	0	40.114182	0.500000	0.000000	0.049350	45.000000
1137409.750000	0	40.089581	0.500000	0.000000	0.049199	45.000000
1137415.375000	0	40.064991	0.500000	0.000000	0.049180	45.000000
1137421.000000	0	40.040478	0.500000	0.000000	0.049028	45.000000
1137426.500000	0	40.015972	0.500000	0.000000	0.049009	45.000000
1137432.000000	0	39.991478	0.500000	0.000000	0.048990	45.000000
1137437.500000	0	39.967060	0.500000	0.000000	0.048839	45.000000
1137443.000000	0	39.942650	0.500000	0.000000	0.048820	45.000000
1137448.500000	0	39.918316	0.500000	0.000000	0.048669	45.000000
1137454.000000	0	39.893990	0.500000	0.000000	0.048650	45.000000
1137454.000000	-46	39.980183	0.497396	0.000000	0.347532	45.000000
1137459.500000	-46	39.807320	0.499491	0.000000	0.334286	45.000000
1137465.000000	-46	39.640347	0.501530	0.000000	0.321368	45.000000
1137470.500000	-46	39.479172	0.503515	0.000000	0.309025	45.000000
1137476.000000	-46	39.323574	0.505444	0.000000	0.296986	45.000000
1137481.500000	-46	39.173466	0.507320	0.000000	0.285497	45.000000
1137487.000000	-45	39.028629	0.509648	0.000000	0.349784	45.000000
1137492.500000	-45	38.850361	0.511915	0.000000	0.336136	45.000000
1137498.000000	-45	38.678288	0.514122	0.000000	0.322966	45.000000
1137503.500000	-45	38.512245	0.516269	0.000000	0.310135	45.000000
1137509.000000	-45	38.352131	0.518356	0.000000	0.297889	45.000000
1137514.500000	-45	38.197720	0.520383	0.000000	0.285956	45.000000
1137520.000000	-44	38.048912	0.522898	0.000000	0.350001	45.000000
1137525.500000	-44	37.865898	0.525347	0.000000	0.336003	45.000000
1137531.000000	-44	37.689381	0.527729	0.000000	0.322380	45.000000
1137536.500000	-44	37.519253	0.530046	0.000000	0.309377	45.000000
1137542.000000	-44	37.355270	0.532296	0.000000	0.296721	45.000000
1137547.500000	-44	37.197327	0.534482	0.000000	0.284658	45.000000
1137553.000000	-43	37.045181	0.537195	0.000000	0.348252	45.000000
1137558.500000	-43	36.858101	0.539836	0.000000	0.333958	45.000000
1137564.000000	-43	36.677818	0.542404	0.000000	0.320189	45.000000
1137569.500000	-43	36.504147	0.544900	0.000000	0.306803	45.000000
1137575.000000	-43	36.336971	0.547324	0.000000	0.294045	45.000000
1137580.500000	-42	36.176033	0.550311	0.000000	0.356902	45.000000
1137586.000000	-42	35.979626	0.553220	0.000000	0.341908	45.000000
1137591.500000	-42	35.790474	0.556048	0.000000	0.327347	45.000000
1137597.000000	-42	35.608452	0.558797	0.000000	0.313463	45.000000
1137602.500000	-42	35.433289	0.561467	0.000000	0.300107	45.000000
1137608.000000	-42	35.264790	0.564057	0.000000	0.287138	45.000000
1137613.500000	-41	35.102829	0.567265	0.000000	0.349963	45.000000
1137619.000000	-41	34.904308	0.570385	0.000000	0.334701	45.000000
1137624.500000	-41	34.713402	0.573417	0.000000	0.320152	45.000000
1137630.000000	-41	34.529819	0.563199	0.000000	0.306347	45.000000
1137635.375000	-41	34.357285	0.565933	0.000000	0.293197	45.000000
1137640.750000	-41	34.191353	0.568585	0.000000	0.280557	45.000000
1137646.125000	-40	34.031834	0.571886	0.000000	0.343421	45.000000
1137651.500000	-40	33.835438	0.575096	0.000000	0.328454	45.000000
1137656.875000	-40	33.646545	0.578216	0.000000	0.313939	45.000000
1137662.250000	-40	33.465019	0.581246	0.000000	0.300118	45.000000
1137667.625000	-40	33.290577	0.584186	0.000000	0.286841	45.000000
1137673.000000	-39	33.123009	0.587827	0.000000	0.349015	45.000000
1137678.375000	-39	32.917847	0.591369	0.000000	0.333395	45.000000
1137683.750000	-39	32.720688	0.594810	0.000000	0.318266	45.000000
1137689.125000	-39	32.531380	0.598152	0.000000	0.303868	45.000000
1137694.500000	-39	32.349621	0.601395	0.000000	0.290050	45.000000
1137699.875000	-38	32.175186	0.605400	0.000000	0.351616	45.000000
1137705.250000	-38	31.962318	0.609296	0.000000	0.335428	45.000000
1137710.625000	-38	31.757944	0.613081	0.000000	0.319769	45.000000
1137716.000000	-38	31.561899	0.616755	0.000000	0.304876	45.000000
1137721.375000	-38	31.373865	0.620324	0.000000	0.290927	45.000000
1137726.750000	-38	31.193396	0.623782	0.000000	0.277232	45.000000
1137732.125000	-37	31.020464	0.628092	0.000000	0.338932	45.000000
1137737.500000	-37	30.807583	0.632279	0.000000	0.322646	45.000000
1137742.875000	-37	30.603580	0.636345	0.000000	0.307293	45.000000
1137748.250000	-37	30.408035	0.640286	0.000000	0.292340	45.000000
1137753.625000	-37	30.220854	0.644107	0.000000	0.278280	45.000000
1137759.000000	-36	30.041613	0.648863	0.000000	0.339402	45.000000
1137764.375000	-36	29.821386	0.653482	0.000000	0.322580	45.000000
1137769.750000	-36	29.610586	0.657967	0.000000	0.306735	45.000000
1137775.125000	-36	29.408766	0.662313	0.000000	0.291327	45.000000
1137780.500000	-36	29.215816	0.666522	0.000000	0.276852	45.000000
1137785.875000	-35	29.031288	0.671766	0.000000	0.337340	45.000000
1137791.250000	-35	28.804674	0.676861	0.000000	0.320310	45.000000
1137796.625000	-35	28.587868	0.681802	0.000000	0.303909	45.000000
1137802.000000	-35	28.380661	0.686588	0.000000	0.288120	45.000000
1137807.375000	-34	28.182842	0.692505	0.000000	0.347751	45.000000
1137812.750000	-34	27.942022	0.698253	0.000000	0.329415	45.000000
1137818.125000	-34	27.712008	0.703833	0.000000	0.312159	45.000000
1137823.500000	-34	27.492300	0.709241	0.000000	0.295570	45.000000
1137828.875000	-34	27.282669	0.714476	0.000000	0.279753	45.000000
1137834.250000	-33	27.082792	0.720984	0.000000	0.339099	45.000000
1137839.625000	-33	26.838306	0.727304	0.000000	0.320646	45.000000
1137845.000000	-33	26.605099	0.716244	0.000000	0.303575	45.000000
1137850.250000	-33	26.387665	0.721915	0.000000	0.287172	45.000000
1137855.500000	-32	26.180351	0.728933	0.000000	0.345790	45.000000
1137860.750000	-32	25.928293	0.735758	0.000000	0.326895	45.000000
1137866.000000	-32	25.687778	0.742383	0.000000	0.308762	45.000000
1137871.250000	-32	25.458559	0.748806	0.000000	0.291621	45.000000
1137876.500000	-31	25.240192	0.756730	0.000000	0.349273	45.000000
1137881.750000	-31	24.975887	0.764436	0.000000	0.329359	45.000000
1137887.000000	-31	24.724113	0.771920	0.000000	0.310532	45.000000
1137892.250000	-31	24.484407	0.779173	0.000000	0.292507	45.000000
1137897.500000	-31	24.256495	0.786193	0.000000	0.275509	45.000000
1137902.750000	-30	24.039890	0.794950	0.000000	0.333127	45.000000
1137908.000000	-30	23.775072	0.803458	0.000000	0.313350	45.000000
1137913.250000	-30	23.523308	0.811706	0.000000	0.294451	45.000000
1137918.500000	-29	23.284300	0.821866	0.000000	0.350250	45.000000
1137923.750000	-29	22.996441	0.831757	0.000000	0.328762	45.000000
1137929.000000	-29	22.722992	0.841360	0.000000	0.308257	45.000000
1137934.250000	-29	22.463636	0.850668	0.000000	0.288957	45.000000
1137939.500000	-28	22.217831	0.862180	0.000000	0.344066	45.000000
1137944.750000	-28	21.921185	0.873379	0.000000	0.321846	45.000000
1137950.000000	-28	21.640091	0.884253	0.000000	0.300944	45.000000
1137955.250000	-28	21.373980	0.894781	0.000000	0.281066	45.000000
1137960.500000	-27	21.122486	0.907880	0.000000	0.335672	45.000000
1137965.750000	-27	20.817736	0.920619	0.000000	0.312906	45.000000
1137971.000000	-27	20.529669	0.932975	0.000000	0.291420	45.000000
1137976.250000	-26	20.257782	0.948258	0.000000	0.344312	45.000000
1137981.500000	-26	19.931286	0.963150	0.000000	0.319961	45.000000
1137986.750000	-26	19.623116	0.977622	0.000000	0.297142	45.000000
1137992.000000	-25	19.332623	0.995476	0.000000	0.348307	45.000000
1137997.250000	-25	18.985891	1.012904	0.000000	0.322500	45.000000
1138002.500000	-25	18.659229	1.029863	0.000000	0.298360	45.000000
1138007.750000	-24	18.351959	1.050803	0.000000	0.348031	45.000000
1138013.000000	-24	17.986246	1.071285	0.000000	0.321002	45.000000
1138018.250000	-24	17.642361	1.091232	0.000000	0.295532	45.000000
1138023.500000	-23	17.319866	1.115952	0.000000	0.343792	45.000000
1138028.750000	-23	16.936211	1.140171	0.000000	0.315516	45.000000
1138034.000000	-23	16.576468	1.163780	0.000000	0.288962	45.000000
1138039.250000	-22	16.240179	1.193238	0.000000	0.335998	45.000000
1138044.500000	-22	15.839254	1.222134	0.000000	0.306431	45.000000
1138049.750000	-22	15.464755	1.219934	0.000000	0.279512	45.000000
1138054.875000	-21	15.123769	1.253814	0.000000	0.325943	45.000000
1138060.000000	-21	14.715096	1.287126	0.000000	0.295883	45.000000
1138065.125000	-20	14.334258	1.328892	0.000000	0.339017	45.000000
1138070.250000	-20	13.883741	1.370267	0.000000	0.305933	45.000000
1138075.375000	-19	13.464531	1.422197	0.000000	0.345696	45.000000
1138080.500000	-19	12.972883	1.474087	0.000000	0.309795	45.000000
1138085.625000	-18	12.516218	1.539675	0.000000	0.346289	45.000000
1138090.750000	-18	11.983046	1.605842	0.000000	0.307470	45.000000
1138095.875000	-18	11.489297	1.671934	0.000000	0.271644	45.000000
1138101.000000	-17	11.035126	1.758078	0.000000	0.307556	45.000000
1138106.125000	-16	10.494417	1.870270	0.000000	0.336601	45.000000
1138111.250000	-16	9.864883	1.986706	0.000000	0.291011	45.000000
1138116.375000	-15	9.286731	2.143121	0.000000	0.316262	45.000000
1138121.500000	-14	8.608942	2.358179	0.000000	0.332929	45.000000
1138126.625000	-14	7.823835	2.596290	0.000000	0.276372	45.000000
1138131.750000	-13	7.106293	2.855229	0.000000	0.225714	45.000000
1138136.875000	-12	6.461828	3.129683	0.000000	0.181061	45.000000
1138142.000000	-12	5.895165	3.411392	0.000000	0.142703	45.000000
1138147.125000	-12	5.408349	3.690000	0.000000	0.110664	45.000000
1138152.250000	-12	5.000000	0.500000	0.000000	0.047117	45.000000
1138153.000000	0	4.983948	0.500000	0.000000	0.032104	45.000000
1138153.750000	0	4.967897	0.500000	0.000000	0.032101	45.000000
1138154.500000	0	4.951849	0.500000	0.000000	0.032097	45.000000
1138155.250000	0	4.935802	0.500000	0.000000	0.032094	45.000000
1138155.875000	0	4.919757	0.500000	0.000000	0.032090	45.000000
1138156.625000	-1050	4.983948	0.500000	0.000000	-0.032104	45.000000
1138157.375000	-1050	4.967897	0.500000	0.000000	-0.032101	45.000000
1138158.125000	-1050	4.951849	0.500000	0.000000	-0.032097	45.000000
1138158.875000	-1050	4.935802	0.500000	0.000000	-0.032094	45.000000
1138159.500000	-1050	4.919757	0.500000	0.000000	-0.032090	45.000000
1138160.125000	-1050	4.903714	0.500000	0.000000	-0.032086	45.000000
1138160.750000	-1050	4.887672	0.500000	0.000000	-0.032083	45.000000
1138161.375000	-1050	4.871567	0.500000	0.000000	-0.032212	45.000000
1138162.000000	-1050	4.855463	0.500000	0.000000	-0.032208	45.000000
1138162.625000	-1050	4.839360	0.500000	0.000000	-0.032205	45.000000
1138163.250000	-1050	4.823260	0.500000	0.000000	-0.032201	45.000000
1138163.875000	-1050	4.807161	0.500000	0.000000	-0.032197	45.000000
1138164.500000	-1050	4.791064	0.500000	0.000000	-0.032194	45.000000
1138165.125000	-1050	4.774969	0.500000	0.000000	-0.032190	45.000000
1138165.750000	-1050	4.758876	0.500000	0.000000	-0.032187	45.000000
1138166.375000	-1050	4.424526	0.500000	0.000000	-0.668700	45.000000
1138167.000000	-1050	4.089563	0.500000	0.000000	-0.669926	45.000000
1138167.625000	-1050	3.753979	0.500000	0.000000	-0.671167	45.000000
1138168.125000	-1050	3.417767	0.500000	0.000000	-0.672424	45.000000
1138168.625000	-1050	3.080919	0.500000	0.000000	-0.673696	45.000000
1138169.000000	-1050	2.743427	0.500000	0.000000	-0.674984	45.000000
1138169.375000	-1050	2.405283	0.500000	0.000000	-0.676288	45.000000
1138169.750000	-1050	2.066479	0.500000	0.000000	-0.677608	45.000000
1138170.000000	-1050	1.727007	0.500000	0.000000	-0.678945	45.000000
1138170.250000	-1050	1.386858	0.500000	0.000000	-0.680298	45.000000
1138170.500000	-1050	1.046023	0.500000	0.000000	-0.681669	45.000000
1138170.625000	-1050	0.704495	0.500000	0.000000	-0.683057	45.000000
1138170.750000	-1050	0.362263	0.500000	0.000000	-0.684463	45.000000
1138170.750000	-1050	0.019320	0.500000	0.000000	-0.685887	45.000000
1138170.750000	-1050	-0.324344	0.500000	0.000000	-0.687329	45.000000
