1137207.000000	0	41.000000	0.500000	0.000000	0.000000	45.000000
1137212.750000	0	40.974060	0.500000	0.000000	0.051879	45.000000
1137218.500000	0	40.948132	0.500000	0.000000	0.051858	45.000000
1137224.125000	0	40.922215	0.500000	0.000000	0.051837	45.000000
1137229.750000	0	40.896374	0.500000	0.000000	0.051685	45.000000
1137235.375000	0	40.870541	0.500000	0.000000	0.051664	45.000000
1137241.000000	0	40.844784	0.500000	0.000000	0.051512	45.000000
1137246.625000	0	40.819038	0.500000	0.000000	0.051491	45.000000
1137252.250000	0	40.793369	0.500000	0.000000	0.051339	45.000000
1137257.875000	0	40.767712	0.500000	0.000000	0.051318	45.000000
1137263.500000	0	40.742062	0.500000	0.000000	0.051298	45.000000
1137269.125000	0	40.716488	0.500000	0.000000	0.051146	45.000000
1137274.750000	0	40.690926	0.500000	0.000000	0.051125	45.000000
1137280.375000	0	40.665440	0.500000	0.000000	0.050973	45.000000
1137286.000000	0	40.639961	0.500000	0.000000	0.050953	45.000000
1137291.625000	0	40.614559	0.500000	0.000000	0.050801	45.000000
1137297.250000	0	40.589169	0.500000	0.000000	0.050781	45.000000
1137302.875000	0	40.563854	0.500000	0.000000	0.050628	45.000000
1137308.500000	0	40.538551	0.500000	0.000000	0.050609	45.000000
1137314.125000	0	40.513256	0.500000	0.000000	0.050589	45.000000
1137319.750000	0	40.488037	0.500000	0.000000	0.050437	45.000000
1137325.375000	0	40.462830	0.500000	0.000000	0.050417	45.000000
1137331.000000	0	40.437698	0.500000	0.000000	0.050265	45.000000
1137336.625000	0	40.412575	0.500000	0.000000	0.050245	45.000000
1137342.250000	0	40.387527	0.500000	0.000000	0.050093	45.000000
1137347.875000	0	40.362492	0.500000	0.000000	0.050074	45.000000
1137353.500000	0	40.337463	0.500000	0.000000	0.050054	45.000000
1137359.125000	0	40.312511	0.500000	0.000000	0.049902	45.000000
1137364.750000	0	40.287571	0.500000	0.000000	0.049883	45.000000
1137370.375000	0	40.262707	0.500000	0.000000	0.049731	45.000000
1137376.000000	0	40.237850	0.500000	0.000000	0.049711	45.000000
1137381.625000	0	40.213070	0.500000	0.000000	0.049560	45.000000
1137387.250000	0	40.188301	0.500000	0.000000	0.049540	45.000000
1137392.875000	0	40.163540	0.500000	0.000000	0.049521	45.000000
1137398.500000	0	40.138855	0.500000	0.000000	0.049370	45.000000
1137404.125000	0	40.114182	0.500000	0.000000	0.049350	45.000000
1137409.750000	0	40.089581	0.500000	0.000000	0.049199	45.000000
1137415.375000	0	40.064991	0.500000	0.000000	0.049180	45.000000
1137421.000000	0	40.040478	0.500000	0.000000	0.049028	45.000000
1137426.500000	0	40.015972	0.500000	0.000000	0.049009	45.000000
1137432.000000	0	39.991478	0.500000	0.000000	0.048990	45.000000
1137437.500000	0	39.967060	0.500000	0.000000	0.048839	45.000000
1137443.000000	0	39.942650	0.500000	0.000000	0.048820	45.000000
1137448.500000	0	39.918316	0.500000	0.000000	0.048669	45.000000
1137454.000000	0	39.893990	0.500000	0.000000	0.048650	45.000000
1137459.500000	0	39.869740	0.500000	0.000000	0.048499	45.000000
1137465.000000	0	39.845501	0.500000	0.000000	0.048480	45.000000
1137470.500000	0	39.821270	0.500000	0.000000	0.048461	45.000000
1137476.000000	0	39.797115	0.500000	0.000000	0.048310	45.000000
1137481.500000	0	39.772968	0.500000	0.000000	0.048292	45.000000
1137487.000000	0	39.748898	0.500000	0.000000	0.048141	45.000000
1137492.500000	0	39.724838	0.500000	0.000000	0.048122	45.000000
1137498.000000	0	39.700851	0.500000	0.000000	0.047971	45.000000
1137503.500000	0	39.676876	0.500000	0.000000	0.047953	45.000000
1137509.000000	0	39.652908	0.500000	0.000000	0.047934	45.000000
1137514.500000	0	39.629017	0.500000	0.000000	0.047783	45.000000
1137520.000000	0	39.605133	0.500000	0.000000	0.047765	45.000000
1137525.500000	0	39.581326	0.500000	0.000000	0.047614	45.000000
1137531.000000	0	39.557526	0.500000	0.000000	0.047596	45.000000
1137536.500000	0	39.533737	0.500000	0.000000	0.047578	45.000000
1137542.000000	0	39.510025	0.500000	0.000000	0.047427	45.000000
1137547.500000	0	39.486320	0.500000	0.000000	0.047409	45.000000
1137553.000000	0	39.462692	0.500000	0.000000	0.047258	45.000000
1137558.500000	0	39.439072	0.500000	0.000000	0.047240	45.000000
1137564.000000	0	39.415527	0.500000	0.000000	0.047090	45.000000
1137569.500000	0	39.391991	0.500000	0.000000	0.047072	45.000000
1137575.000000	0	39.368465	0.500000	0.000000	0.047054	45.000000
1137580.500000	0	39.345013	0.500000	0.000000	0.046903	45.000000
1137586.000000	0	39.321571	0.500000	0.000000	0.046885	45.000000
1137591.500000	0	39.298203	0.500000	0.000000	0.046735	45.000000
1137597.000000	0	39.274845	0.500000	0.000000	0.046717	45.000000
1137602.500000	0	39.251560	0.500000	0.000000	0.046567	45.000000
1137608.000000	0	39.228287	0.500000	0.000000	0.046549	45.000000
1137613.500000	0	39.205021	0.500000	0.000000	0.046532	45.000000
1137619.000000	0	39.181831	0.500000	0.000000	0.046382	45.000000
1137624.500000	0	39.158649	0.500000	0.000000	0.046364	45.000000
1137630.000000	0	39.135544	0.500000	0.000000	0.046214	45.000000
1137635.375000	0	39.112446	0.500000	0.000000	0.046196	45.000000
1137640.750000	0	39.089424	0.500000	0.000000	0.046046	45.000000
1137646.125000	0	39.066410	0.500000	0.000000	0.046029	45.000000
1137651.500000	0	39.043404	0.500000	0.000000	0.046011	45.000000
1137656.875000	0	39.020473	0.500000	0.000000	0.045861	45.000000
1137662.250000	0	38.997551	0.500000	0.000000	0.045844	45.000000
1137667.625000	0	38.974705	0.500000	0.000000	0.045694	45.000000
1137673.000000	0	38.951866	0.500000	0.000000	0.045677	45.000000
1137678.375000	0	38.929035	0.500000	0.000000	0.045660	45.000000
1137683.750000	0	38.906281	0.500000	0.000000	0.045510	45.000000
1137689.125000	0	38.883533	0.500000	0.000000	0.045493	45.000000
1137694.500000	0	38.860863	0.500000	0.000000	0.045343	45.000000
1137699.875000	0	38.838200	0.500000	0.000000	0.045326	45.000000
1137705.250000	0	38.815544	0.500000	0.000000	0.045309	45.000000
1137710.625000	0	38.792965	0.500000	0.000000	0.045159	45.000000
1137716.000000	0	38.770393	0.500000	0.000000	0.045142	45.000000
1137721.375000	0	38.747898	0.500000	0.000000	0.044993	45.000000
1137726.750000	0	38.725410	0.500000	0.000000	0.044976	45.000000
1137732.125000	0	38.702759	0.500000	0.000000	0.045302	45.000000
1137737.500000	0	38.680115	0.500000	0.000000	0.045285	45.000000
1137742.875000	0	38.657482	0.500000	0.000000	0.045268	45.000000
1137748.250000	0	38.634922	0.500000	0.000000	0.045119	45.000000
1137753.625000	0	38.612305	0.500000	0.000000	0.045234	45.000000
1137759.000000	0	38.589764	0.500000	0.000000	0.045085	45.000000
1137764.375000	0	38.567165	0.500000	0.000000	0.045200	45.000000
1137769.750000	0	38.544575	0.500000	0.000000	0.045183	45.000000
1137775.125000	0	38.522057	0.500000	0.000000	0.045034	45.000000
1137780.500000	0	38.499481	0.500000	0.000000	0.045149	45.000000
1137785.875000	0	38.476982	0.500000	0.000000	0.045000	45.000000
1137791.250000	0	38.454426	0.500000	0.000000	0.045115	45.000000
1137796.625000	0	38.431942	0.500000	0.000000	0.044966	45.000000
1137802.000000	0	38.409401	0.500000	0.000000	0.045081	45.000000
1137807.375000	0	38.386868	0.500000	0.000000	0.045064	45.000000
1137812.750000	0	38.364410	0.500000	0.000000	0.044915	45.000000
1137818.125000	0	38.341896	0.500000	0.000000	0.045030	45.000000
1137823.500000	0	38.319454	0.500000	0.000000	0.044881	45.000000
1137828.875000	0	38.296955	0.500000	0.000000	0.044997	45.000000
1137834.250000	0	38.274464	0.500000	0.000000	0.044980	45.000000
1137839.625000	0	38.251984	0.500000	0.000000	0.044963	45.000000
1137845.000000	0	38.229443	0.500000	0.000000	0.045078	45.000000
1137850.250000	0	38.206913	0.500000	0.000000	0.045062	45.000000
1137855.500000	0	38.184326	0.500000	0.000000	0.045177	45.000000
1137860.750000	0	38.161747	0.500000	0.000000	0.045160	45.000000
1137866.000000	0	38.139175	0.500000	0.000000	0.045143	45.000000
1137871.250000	0	38.116547	0.500000	0.000000	0.045259	45.000000
1137876.500000	0	38.093925	0.500000	0.000000	0.045242	45.000000
1137881.750000	0	38.071247	0.500000	0.000000	0.045357	45.000000
1137887.000000	0	38.048576	0.500000	0.000000	0.045340	45.000000
1137892.250000	0	38.025913	0.500000	0.000000	0.045323	45.000000
1137897.500000	0	38.003193	0.500000	0.000000	0.045439	45.000000
1137902.750000	0	37.980480	0.500000	0.000000	0.045422	45.000000
1137908.000000	0	37.957710	0.500000	0.000000	0.045537	45.000000
1137913.250000	0	37.934952	0.500000	0.000000	0.045520	45.000000
1137918.500000	0	37.912132	0.500000	0.000000	0.045636	45.000000
1137923.750000	0	37.889324	0.500000	0.000000	0.045619	45.000000
1137929.000000	0	37.866524	0.500000	0.000000	0.045602	45.000000
1137934.250000	0	37.843666	0.500000	0.000000	0.045717	45.000000
1137939.500000	0	37.820816	0.500000	0.000000	0.045700	45.000000
1137944.750000	0	37.797909	0.500000	0.000000	0.045815	45.000000
1137950.000000	0	37.775009	0.500000	0.000000	0.045798	45.000000
1137955.250000	0	37.752117	0.500000	0.000000	0.045781	45.000000
1137960.500000	0	37.729168	0.500000	0.000000	0.045897	45.000000
1137965.750000	0	37.706226	0.500000	0.000000	0.045880	45.000000
1137971.000000	0	37.683228	0.500000	0.000000	0.045995	45.000000
1137976.250000	0	37.660240	0.500000	0.000000	0.045978	45.000000
1137981.500000	0	37.637260	0.500000	0.000000	0.045961	45.000000
1137986.750000	0	37.614223	0.500000	0.000000	0.046076	45.000000
1137992.000000	0	37.591194	0.500000	0.000000	0.046059	45.000000
1137997.250000	0	37.568108	0.500000	0.000000	0.046175	45.000000
1138002.500000	0	37.545029	0.500000	0.000000	0.046158	45.000000
1138007.750000	0	37.521957	0.500000	0.000000	0.046141	45.000000
1138013.000000	0	37.498829	0.500000	0.000000	0.046256	45.000000
1138018.250000	0	37.475708	0.500000	0.000000	0.046239	45.000000
1138023.500000	0	37.452530	0.500000	0.000000	0.046354	45.000000
1138028.750000	0	37.429363	0.500000	0.000000	0.046337	45.000000
1138034.000000	0	37.406204	0.500000	0.000000	0.046320	45.000000
1138039.250000	0	37.382988	0.500000	0.000000	0.046435	45.000000
1138044.500000	0	37.359779	0.500000	0.000000	0.046418	45.000000
1138049.750000	0	37.336514	0.500000	0.000000	0.046533	45.000000
1138054.875000	0	37.313255	0.500000	0.000000	0.046516	45.000000
1138060.000000	0	37.290005	0.500000	0.000000	0.046499	45.000000
1138065.125000	0	37.266697	0.500000	0.000000	0.046614	45.000000
1138070.250000	0	37.243397	0.500000	0.000000	0.046597	45.000000
1138075.375000	0	37.220039	0.500000	0.000000	0.046712	45.000000
1138080.500000	0	37.196693	0.500000	0.000000	0.046695	45.000000
1138085.625000	0	37.173355	0.500000	0.000000	0.046678	45.000000
1138090.750000	0	37.149960	0.500000	0.000000	0.046793	45.000000
1138095.875000	0	37.126572	0.500000	0.000000	0.046776	45.000000
1138101.000000	0	37.103127	0.500000	0.000000	0.046892	45.000000
1138106.125000	0	37.079689	0.500000	0.000000	0.046874	45.000000
1138111.250000	0	37.056259	0.500000	0.000000	0.046857	45.000000
1138116.375000	0	37.032772	0.500000	0.000000	0.046972	45.000000
1138121.500000	0	37.009293	0.500000	0.000000	0.046955	45.000000
1138126.625000	0	36.985756	0.500000	0.000000	0.047071	45.000000
1138131.750000	0	36.962231	0.500000	0.000000	0.047053	45.000000
1138136.875000	0	36.938713	0.500000	0.000000	0.047036	45.000000
1138142.000000	0	36.915138	0.500000	0.000000	0.047151	45.000000
1138147.125000	0	36.891571	0.500000	0.000000	0.047134	45.000000
1138152.250000	0	36.868011	0.500000	0.000000	0.047117	45.000000
1138157.375000	0	36.844395	0.500000	0.000000	0.047232	45.000000
1138162.500000	0	36.820786	0.500000	0.000000	0.047215	45.000000
1138167.625000	0	36.797119	0.500000	0.000000	0.047330	45.000000
1138172.750000	0	36.773464	0.500000	0.000000	0.047313	45.000000
1138177.875000	0	36.749817	0.500000	0.000000	0.047296	45.000000
1138183.000000	0	36.726112	0.500000	0.000000	0.047411	45.000000
1138188.125000	0	36.702415	0.500000	0.000000	0.047394	45.000000
1138193.250000	0	36.678661	0.500000	0.000000	0.047509	45.000000
1138198.375000	0	36.654915	0.500000	0.000000	0.047492	45.000000
1138203.500000	0	36.631176	0.500000	0.000000	0.047475	45.000000
1138208.625000	0	36.607380	0.500000	0.000000	0.047590	45.000000
1138213.750000	0	36.583595	0.500000	0.000000	0.047572	45.000000
1138218.875000	0	36.559750	0.500000	0.000000	0.047688	45.000000
1138224.000000	0	36.535915	0.500000	0.000000	0.047670	45.000000
1138229.125000	0	36.512089	0.500000	0.000000	0.047653	45.000000
1138234.250000	0	36.487648	0.500000	0.000000	0.048879	45.000000
1138239.375000	0	36.463219	0.500000	0.000000	0.048861	45.000000
1138244.500000	0	36.438732	0.500000	0.000000	0.048976	45.000000
1138249.500000	0	36.414101	0.500000	0.000000	0.049267	45.000000
1138254.500000	0	36.389477	0.500000	0.000000	0.049249	45.000000
1138259.500000	0	36.364796	0.500000	0.000000	0.049364	45.000000
1138264.500000	0	36.339970	0.500000	0.000000	0.049654	45.000000
1138269.500000	0	36.315086	0.500000	0.000000	0.049769	45.000000
1138274.500000	0	36.290211	0.500000	0.000000	0.049751	45.000000
1138279.500000	0	36.265190	0.500000	0.000000	0.050042	45.000000
1138284.500000	0	36.240112	0.500000	0.000000	0.050156	45.000000
1138289.500000	0	36.214890	0.500000	0.000000	0.050447	45.000000
1138294.500000	0	36.189674	0.500000	0.000000	0.050429	45.000000
1138299.500000	0	36.164402	0.500000	0.000000	0.050543	45.000000
1138304.500000	0	36.138985	0.500000	0.000000	0.050834	45.000000
1138309.500000	0	36.113510	0.500000	0.000000	0.050948	45.000000
1138314.500000	0	36.087891	0.500000	0.000000	0.051238	45.000000
1138319.500000	0	36.062283	0.500000	0.000000	0.051220	45.000000
1138324.500000	0	36.036617	0.500000	0.000000	0.051334	45.000000
1138329.500000	0	36.010807	0.500000	0.000000	0.051624	45.000000
1138334.500000	0	35.984940	0.500000	0.000000	0.051738	45.000000
1138339.500000	0	35.959080	0.500000	0.000000	0.051720	45.000000
1138344.500000	0	35.933075	0.500000	0.000000	0.052010	45.000000
1138349.500000	0	35.907013	0.500000	0.000000	0.052123	45.000000
1138354.500000	0	35.880806	0.500000	0.000000	0.052414	45.000000
1138359.500000	0	35.854607	0.500000	0.000000	0.052395	45.000000
1138364.500000	0	35.828354	0.500000	0.000000	0.052509	45.000000
1138369.500000	0	35.801956	0.500000	0.000000	0.052799	45.000000
1138374.500000	0	35.775501	0.500000	0.000000	0.052912	45.000000
1138379.500000	0	35.748901	0.500000	0.000000	0.053202	45.000000
1138384.500000	0	35.722309	0.500000	0.000000	0.053183	45.000000
1138389.500000	0	35.695660	0.500000	0.000000	0.053297	45.000000
1138394.500000	0	35.668865	0.500000	0.000000	0.053586	45.000000
1138399.500000	0	35.642014	0.500000	0.000000	0.053700	45.000000
1138404.500000	0	35.615173	0.500000	0.000000	0.053681	45.000000
1138409.500000	0	35.588188	0.500000	0.000000	0.053970	45.000000
1138414.500000	0	35.561146	0.500000	0.000000	0.054084	45.000000
1138419.500000	0	35.533958	0.500000	0.000000	0.054373	45.000000
1138424.375000	0	35.506783	0.500000	0.000000	0.054354	45.000000
1138429.250000	0	35.479549	0.500000	0.000000	0.054467	45.000000
1138434.125000	0	35.452171	0.500000	0.000000	0.054756	45.000000
1138439.000000	0	35.424736	0.500000	0.000000	0.054869	45.000000
1138443.875000	0	35.397312	0.500000	0.000000	0.054850	45.000000
1138448.750000	0	35.369743	0.500000	0.000000	0.055139	45.000000
1138453.625000	0	35.342117	0.500000	0.000000	0.055252	45.000000
1138458.500000	0	35.314346	0.500000	0.000000	0.055542	45.000000
1138463.375000	0	35.286587	0.500000	0.000000	0.055522	45.000000
1138468.250000	0	35.258770	0.500000	0.000000	0.055635	45.000000
1138473.125000	0	35.230808	0.500000	0.000000	0.055924	45.000000
1138478.000000	0	35.202789	0.500000	0.000000	0.056037	45.000000
1138482.875000	0	35.175575	0.500000	0.000000	0.054431	45.000000
1138487.750000	0	35.148216	0.500000	0.000000	0.054720	45.000000
1138492.625000	0	35.120800	0.500000	0.000000	0.054834	45.000000
1138497.500000	0	35.093239	0.500000	0.000000	0.055123	45.000000
1138502.375000	0	35.065907	0.500000	0.000000	0.054663	45.000000
1138507.250000	0	35.038517	0.500000	0.000000	0.054776	45.000000
1138512.125000	0	35.011204	0.500000	0.000000	0.054625	45.000000
1138517.000000	0	34.983833	0.500000	0.000000	0.054738	45.000000
1138521.875000	0	34.956474	0.500000	0.000000	0.054719	45.000000
1138526.750000	0	34.929192	0.500000	0.000000	0.054567	45.000000
1138531.625000	0	34.901852	0.500000	0.000000	0.054681	45.000000
1138536.500000	0	34.874367	0.500000	0.000000	0.054970	45.000000
1138541.375000	0	34.847111	0.500000	0.000000	0.054510	45.000000
1138546.250000	0	34.819798	0.500000	0.000000	0.054624	45.000000
1138551.125000	0	34.792561	0.500000	0.000000	0.054472	45.000000
1138556.000000	0	34.765266	0.500000	0.000000	0.054586	45.000000
1138560.875000	0	34.737984	0.500000	0.000000	0.054567	45.000000
1138565.750000	0	34.710777	0.500000	0.000000	0.054416	45.000000
1138570.625000	0	34.683514	0.500000	0.000000	0.054529	45.000000
1138575.500000	0	34.656105	0.500000	0.000000	0.054819	45.000000
1138580.375000	0	34.628925	0.500000	0.000000	0.054359	45.000000
1138585.125000	0	34.601688	0.500000	0.000000	0.054472	45.000000
1138589.875000	0	34.574306	0.500000	0.000000	0.054762	45.000000
1138594.625000	0	34.547089	0.500000	0.000000	0.054435	45.000000
1138599.375000	0	34.519882	0.500000	0.000000	0.054416	45.000000
1138604.125000	0	34.492748	0.500000	0.000000	0.054265	45.000000
1138608.875000	0	34.465561	0.500000	0.000000	0.054378	45.000000
1138613.625000	0	34.438229	0.500000	0.000000	0.054668	45.000000
1138618.375000	0	34.411125	0.500000	0.000000	0.054209	45.000000
1138623.125000	0	34.383965	0.500000	0.000000	0.054322	45.000000
1138627.875000	0	34.356659	0.500000	0.000000	0.054612	45.000000
1138632.625000	0	34.329582	0.500000	0.000000	0.054152	45.000000
1138637.375000	0	34.302448	0.500000	0.000000	0.054266	45.000000
1138642.125000	0	34.275391	0.500000	0.000000	0.054115	45.000000
1138646.875000	0	34.248276	0.500000	0.000000	0.054229	45.000000
1138651.625000	0	34.220932	0.500000	0.000000	0.054686	45.000000
1138656.375000	0	34.193665	0.500000	0.000000	0.054535	45.000000
1138661.125000	0	34.166340	0.500000	0.000000	0.054649	45.000000
1138665.875000	0	34.138870	0.500000	0.000000	0.054939	45.000000
1138670.625000	0	34.111565	0.500000	0.000000	0.054611	45.000000
1138675.375000	0	34.084202	0.500000	0.000000	0.054725	45.000000
1138680.125000	0	34.056694	0.500000	0.000000	0.055015	45.000000
1138684.875000	0	34.029350	0.500000	0.000000	0.054688	45.000000
1138689.625000	0	34.002014	0.500000	0.000000	0.054669	45.000000
1138694.375000	0	33.974754	0.500000	0.000000	0.054518	45.000000
1138699.125000	0	33.947437	0.500000	0.000000	0.054632	45.000000
1138703.875000	0	33.920132	0.500000	0.000000	0.054613	45.000000
1138708.625000	0	33.892834	0.500000	0.000000	0.054594	45.000000
