1138177.000000	45	0.000000	0.000000	0.000000	0.000000	45.000000
1138177.000000	45	0.372754	0.500000	0.000000	0.745507	45.000000
1138177.000000	45	0.745480	0.500000	0.000000	0.745453	45.000000
1138177.125000	45	1.118178	0.500000	0.000000	0.745396	45.000000
1138177.250000	45	1.490846	0.500000	0.000000	0.745337	45.000000
1138177.500000	45	1.863484	0.500000	0.000000	0.745276	45.000000
1138177.750000	45	2.236090	0.500000	0.000000	0.745212	45.000000
1138178.000000	45	2.608663	0.500000	0.000000	0.745147	45.000000
1138178.375000	45	2.981203	0.500000	0.000000	0.745079	45.000000
1138178.750000	45	3.353707	0.500000	0.000000	0.745009	45.000000
1138179.250000	45	3.726176	0.500000	0.000000	0.744937	45.000000
1138179.750000	45	4.098607	0.500000	0.000000	0.744862	45.000000
1138180.375000	45	4.471000	0.500000	0.000000	0.744786	45.000000
1138181.000000	45	4.843354	0.500000	0.000000	0.744707	45.000000
1138181.625000	45	5.215667	0.500000	0.000000	0.744626	45.000000
1138182.375000	45	5.587938	0.500000	0.000000	0.744543	45.000000
1138183.125000	45	5.960167	0.500000	0.000000	0.744458	45.000000
1138184.000000	45	6.332353	0.500000	0.000000	0.744371	45.000000
1138184.875000	45	6.704493	0.500000	0.000000	0.744281	45.000000
1138185.750000	45	7.076588	0.500000	0.000000	0.744189	45.000000
1138186.750000	45	7.448635	0.500000	0.000000	0.744095	45.000000
1138187.750000	45	7.820569	0.500000	0.000000	0.743867	45.000000
1138188.875000	45	8.192452	0.500000	0.000000	0.743768	45.000000
1138190.000000	45	8.564286	0.500000	0.000000	0.743668	45.000000
1138191.250000	45	8.936069	0.500000	0.000000	0.743565	45.000000
1138192.500000	45	9.307798	0.500000	0.000000	0.743460	45.000000
1138193.750000	45	9.679475	0.500000	0.000000	0.743353	45.000000
1138195.125000	45	10.051097	0.500000	0.000000	0.743244	45.000000
1138196.500000	45	10.422664	0.500000	0.000000	0.743133	45.000000
1138198.000000	45	10.794173	0.500000	0.000000	0.743019	45.000000
1138199.500000	45	11.165626	0.500000	0.000000	0.742904	45.000000
1138201.000000	45	11.536952	0.500000	0.000000	0.742654	45.000000
1138202.625000	45	11.908218	0.500000	0.000000	0.742534	45.000000
1138204.250000	45	12.279424	0.500000	0.000000	0.742411	45.000000
1138206.000000	45	12.650567	0.500000	0.000000	0.742287	45.000000
1138207.750000	45	13.021647	0.500000	0.000000	0.742161	45.000000
1138209.500000	45	13.392664	0.500000	0.000000	0.742032	45.000000
1138211.375000	45	13.763615	0.500000	0.000000	0.741901	45.000000
1138213.250000	45	14.134499	0.500000	0.000000	0.741768	45.000000
1138215.250000	45	14.505249	0.500000	0.000000	0.741501	45.000000
1138217.250000	45	14.875931	0.500000	0.000000	0.741364	45.000000
1138219.375000	45	15.246543	0.500000	0.000000	0.741224	45.000000
1138221.500000	45	15.617085	0.500000	0.000000	0.741083	45.000000
1138223.625000	45	15.987555	0.500000	0.000000	0.740939	45.000000
1138225.875000	45	16.357952	0.500000	0.000000	0.740794	45.000000
1138228.125000	45	16.727654	0.500000	0.000000	0.739403	45.000000
1138230.500000	45	17.097281	0.500000	0.000000	0.739253	45.000000
1138232.875000	45	17.466831	0.500000	0.000000	0.739101	45.000000
1138235.250000	45	17.836306	0.500000	0.000000	0.738947	45.000000
1138237.750000	45	18.205702	0.500000	0.000000	0.738791	45.000000
1138240.250000	45	18.575018	0.500000	0.000000	0.738633	45.000000
1138242.875000	45	18.944187	0.500000	0.000000	0.738340	45.000000
1138245.500000	45	19.313276	0.500000	0.000000	0.738177	45.000000
1138248.125000	45	19.682129	0.500000	0.000000	0.737704	45.000000
1138250.875000	45	20.050898	0.500000	0.000000	0.737537	45.000000
1138253.625000	45	20.419582	0.500000	0.000000	0.737368	45.000000
1138256.500000	45	20.788115	0.500000	0.000000	0.737065	45.000000
1138259.375000	45	21.156561	0.500000	0.000000	0.736892	45.000000
1138262.375000	45	21.524765	0.500000	0.000000	0.736408	45.000000
1138265.375000	45	21.892881	0.500000	0.000000	0.736231	45.000000
1138268.375000	45	22.260841	0.500000	0.000000	0.735920	45.000000
1138271.500000	45	22.628710	0.500000	0.000000	0.735738	45.000000
1138274.625000	45	22.996332	0.500000	0.000000	0.735246	45.000000
1138277.875000	45	23.363863	0.500000	0.000000	0.735061	45.000000
1138281.125000	45	23.731234	0.500000	0.000000	0.734741	45.000000
1138284.375000	45	24.098509	0.500000	0.000000	0.734551	45.000000
1138287.750000	45	24.465534	0.500000	0.000000	0.734051	45.000000
1138291.125000	45	24.832462	0.500000	0.000000	0.733857	45.000000
1138294.625000	45	25.199226	0.500000	0.000000	0.733529	45.000000
1138298.125000	45	25.565891	0.500000	0.000000	0.733332	45.000000
1138301.625000	45	25.932302	0.500000	0.000000	0.732823	45.000000
1138305.250000	45	26.298613	0.500000	0.000000	0.732621	45.000000
1138308.875000	45	26.664755	0.500000	0.000000	0.732285	45.000000
1138312.625000	45	27.030794	0.500000	0.000000	0.732079	45.000000
1138316.375000	45	27.396576	0.500000	0.000000	0.731562	45.000000
1138320.125000	45	27.762186	0.500000	0.000000	0.731220	45.000000
1138324.000000	45	28.127689	0.500000	0.000000	0.731008	45.000000
1138327.875000	45	28.492931	0.500000	0.000000	0.730486	45.000000
1138331.875000	45	28.858067	0.500000	0.000000	0.730270	45.000000
1138335.875000	45	29.223026	0.500000	0.000000	0.729919	45.000000
1138339.875000	45	29.587721	0.500000	0.000000	0.729391	45.000000
1138344.000000	45	29.952305	0.500000	0.000000	0.729169	45.000000
1138348.125000	45	30.316711	0.500000	0.000000	0.728812	45.000000
1138693.375000	45	30.316711	0.000000	0.000000	0.000000	45.000000
1138703.875000	43	31.177258	1.246837	0.000000	0.690183	45.000000
1138703.875000	43	31.177258	0.000000	0.000000	0.000000	45.000000
1138714.375000	51	32.180859	1.212422	0.000000	0.827767	80.000000
1138724.875000	51	33.152039	1.174611	0.000000	0.826811	80.000000
1138735.375000	51	34.094391	1.140201	0.000000	0.826479	80.000000
1138745.875000	51	35.009991	1.108687	0.000000	0.825842	80.000000
1138756.375000	51	35.900963	1.079692	0.000000	0.825210	80.000000
1138766.875000	51	36.769161	1.052896	0.000000	0.824583	80.000000
1138777.375000	51	37.615902	1.028035	0.000000	0.823650	80.000000
1138787.875000	51	38.442959	1.004894	0.000000	0.823030	80.000000
1138798.375000	51	39.251923	0.983275	0.000000	0.822723	80.000000
1138808.875000	51	40.043621	0.963010	0.000000	0.822110	80.000000
1138819.375000	60	40.960003	0.943971	0.000000	0.970773	80.000000
1138829.875000	60	41.849701	0.922852	0.000000	0.964076	80.000000
1138840.375000	61	42.710934	0.903232	0.000000	0.953501	80.000000
1138850.875000	61	43.549370	0.885019	0.000000	0.947367	80.000000
1138861.375000	63	44.365368	0.867980	0.000000	0.940113	80.000000
1138871.875000	63	45.160313	0.852016	0.000000	0.933016	80.000000
1138882.375000	65	45.935558	0.837018	0.000000	0.926200	80.000000
1138892.875000	65	46.691753	0.822892	0.000000	0.918949	80.000000
1138903.375000	66	47.431332	0.809565	0.000000	0.913552	80.000000
1138913.875000	66	48.154152	0.796942	0.000000	0.906994	80.000000
1138924.375000	68	48.861069	0.784979	0.000000	0.900553	80.000000
1138934.875000	68	49.552860	0.773622	0.000000	0.894224	80.000000
1138945.375000	69	50.230011	0.762822	0.000000	0.887694	80.000000
1138955.875000	69	50.894394	0.752538	0.000000	0.882856	80.000000
1138966.375000	70	51.545628	0.742714	0.000000	0.876828	80.000000
1138976.875000	70	52.184280	0.733331	0.000000	0.870894	80.000000
1138987.375000	72	52.810883	0.724356	0.000000	0.865049	80.000000
1138997.875000	72	53.425709	0.715762	0.000000	0.858981	80.000000
1139008.375000	73	54.030350	0.707525	0.000000	0.854585	80.000000
1139018.875000	73	54.624302	0.699607	0.000000	0.848982	80.000000
1139029.375000	74	55.207973	0.692000	0.000000	0.843455	80.000000
1139039.875000	74	55.773270	0.684684	0.000000	0.825629	80.000000
1139050.375000	75	56.329021	0.677744	0.000000	0.820003	80.000000
1139060.875000	75	56.874111	0.671057	0.000000	0.812285	80.000000
1139071.375000	76	57.408459	0.664626	0.000000	0.803983	80.000000
1139081.875000	76	57.932213	0.658440	0.000000	0.795450	80.000000
1139092.375000	76	58.447960	0.652487	0.000000	0.790434	80.000000
1139102.875000	76	58.953812	0.646729	0.000000	0.782169	80.000000
1139113.375000	76	59.450325	0.641180	0.000000	0.774373	80.000000
1139123.750000	76	59.931835	0.628256	0.000000	0.766425	80.000000
1139134.125000	76	60.404400	0.623208	0.000000	0.758280	80.000000
1139144.500000	76	60.870399	0.618332	0.000000	0.753641	80.000000
1139154.875000	76	61.327988	0.613599	0.000000	0.745743	80.000000
1139165.250000	76	61.777630	0.609020	0.000000	0.738303	80.000000
1139175.625000	76	62.219402	0.604588	0.000000	0.730701	80.000000
1139186.000000	76	62.653324	0.600295	0.000000	0.722849	80.000000
1139196.375000	76	63.081829	0.596138	0.000000	0.718803	80.000000
1139206.750000	76	63.503094	0.592088	0.000000	0.711489	80.000000
1139217.125000	76	63.917526	0.588160	0.000000	0.704626	80.000000
1139227.500000	76	64.324982	0.584347	0.000000	0.697285	80.000000
1139237.875000	76	64.723320	0.580645	0.000000	0.686029	80.000000
1139248.250000	76	65.117027	0.577072	0.000000	0.682247	80.000000
1139258.625000	76	65.503166	0.573583	0.000000	0.673211	80.000000
1139269.000000	76	65.881210	0.570201	0.000000	0.663003	80.000000
1139279.375000	76	66.251724	0.566929	0.000000	0.653540	80.000000
1139289.750000	76	66.614296	0.563759	0.000000	0.643133	80.000000
1139300.125000	76	66.971077	0.560690	0.000000	0.636326	80.000000
1139310.500000	76	67.320145	0.557703	0.000000	0.625899	80.000000
1139320.875000	76	67.662407	0.554812	0.000000	0.616900	80.000000
1139331.250000	76	67.998116	0.552005	0.000000	0.608169	80.000000
1139341.625000	76	68.326836	0.549280	0.000000	0.598463	80.000000
1139352.000000	76	68.650627	0.546637	0.000000	0.592327	80.000000
1139362.375000	76	68.967567	0.544059	0.000000	0.582545	80.000000
1139372.750000	76	69.278511	0.541559	0.000000	0.574165	80.000000
1139383.125000	76	69.583672	0.539128	0.000000	0.566028	80.000000
1139393.500000	76	69.882591	0.536764	0.000000	0.556894	80.000000
1139403.875000	76	70.177246	0.534468	0.000000	0.551308	80.000000
1139414.250000	76	70.465744	0.532224	0.000000	0.542057	80.000000
1139424.625000	76	70.731979	0.530045	0.000000	0.502286	80.000000
1139435.000000	76	70.975449	0.528050	0.000000	0.461076	80.000000
1139445.375000	76	71.197258	0.526238	0.000000	0.421495	80.000000
1139455.750000	76	71.400993	0.524599	0.000000	0.388371	80.000000
1139466.125000	76	71.586411	0.523102	0.000000	0.354459	80.000000
1139476.500000	76	71.755424	0.521747	0.000000	0.323938	80.000000
1139486.875000	76	71.909409	0.520518	0.000000	0.295835	80.000000
1139497.250000	76	72.048988	0.519404	0.000000	0.268725	80.000000
1139507.500000	76	72.175522	0.512152	0.000000	0.247062	80.000000
1139517.750000	76	72.289993	0.511254	0.000000	0.223910	80.000000
1139528.000000	76	72.393753	0.510444	0.000000	0.203277	80.000000
1139538.250000	76	72.487679	0.509713	0.000000	0.184270	80.000000
1139548.500000	76	72.571945	0.509052	0.000000	0.165532	80.000000
1139558.750000	76	72.649017	0.508461	0.000000	0.151579	80.000000
1139569.000000	76	72.717751	0.507922	0.000000	0.135322	80.000000
1139579.250000	76	72.779182	0.507441	0.000000	0.121065	80.000000
1139589.500000	76	72.833916	0.507013	0.000000	0.107959	80.000000
1139599.750000	76	72.881882	0.506632	0.000000	0.094684	80.000000
1139610.000000	76	72.925385	0.506299	0.000000	0.085924	80.000000
1139620.250000	76	72.963493	0.505997	0.000000	0.075317	80.000000
1139630.500000	76	72.996109	0.505732	0.000000	0.064492	80.000000
1139640.750000	76	73.024185	0.505506	0.000000	0.055535	80.000000
1139651.000000	76	73.049225	0.505312	0.000000	0.049548	80.000000
1139661.250000	76	73.069702	0.505139	0.000000	0.040545	80.000000
1139671.500000	76	73.086441	0.504997	0.000000	0.033149	80.000000
1139681.750000	76	73.099770	0.504882	0.000000	0.026406	80.000000
1139692.000000	76	73.109375	0.504790	0.000000	0.019036	80.000000
1139702.250000	76	73.117264	0.504723	0.000000	0.015624	80.000000
1139712.500000	76	73.121811	0.504669	0.000000	0.009013	80.000000
1139722.750000	76	73.123749	0.504637	0.000000	0.003837	80.000000
1139733.000000	76	73.123322	0.504624	0.000000	-0.000843	80.000000
1139743.250000	76	73.120148	0.504627	0.000000	-0.006295	80.000000
1139753.500000	76	73.116150	0.504649	0.000000	-0.007924	80.000000
1139763.750000	76	73.109650	0.504676	0.000000	-0.012879	80.000000
1139774.000000	76	73.101318	0.504721	0.000000	-0.016514	80.000000
1139784.250000	76	73.091347	0.504779	0.000000	-0.019762	80.000000
1139794.500000	76	73.079781	0.504848	0.000000	-0.022913	80.000000
1139804.625000	76	73.068604	0.498770	0.000000	-0.022403	80.000000
1139814.750000	76	73.055939	0.498846	0.000000	-0.025386	80.000000
1139824.875000	76	73.042435	0.498933	0.000000	-0.027059	80.000000
1139835.000000	76	73.027603	0.499025	0.000000	-0.029718	80.000000
1139845.125000	76	73.013252	0.499126	0.000000	-0.028752	80.000000
1139855.250000	76	72.997627	0.499224	0.000000	-0.031293	80.000000
1139865.375000	76	72.980820	0.499331	0.000000	-0.033656	80.000000
1139875.500000	76	72.963463	0.499446	0.000000	-0.034752	80.000000
1139885.625000	76	72.945045	0.499565	0.000000	-0.036874	80.000000
1139895.750000	76	72.927353	0.499691	0.000000	-0.035408	80.000000
1139905.875000	76	72.908615	0.499812	0.000000	-0.037483	80.000000
1139916.000000	76	72.889465	0.499941	0.000000	-0.038310	80.000000
1139926.125000	76	72.869370	0.500072	0.000000	-0.040181	80.000000
1139936.250000	76	72.850121	0.500210	0.000000	-0.038482	80.000000
1139946.375000	76	72.829933	0.500342	0.000000	-0.040340	80.000000
1139956.500000	76	72.808876	0.500481	0.000000	-0.042067	80.000000
1139966.625000	76	72.787567	0.500626	0.000000	-0.042570	80.000000
1139976.750000	76	72.765465	0.500772	0.000000	-0.044141	80.000000
1139986.875000	76	72.744347	0.500924	0.000000	-0.042162	80.000000
1139997.000000	76	72.724144	0.501070	0.000000	-0.040320	80.000000
1140007.125000	76	72.705345	0.501209	0.000000	-0.037503	80.000000
1140017.250000	76	72.687302	0.501339	0.000000	-0.035984	80.000000
1140027.375000	76	72.669968	0.501463	0.000000	-0.034571	80.000000
1140037.500000	76	72.653290	0.501583	0.000000	-0.033257	80.000000
1140047.625000	76	72.637222	0.501698	0.000000	-0.032034	80.000000
1140057.750000	76	72.622269	0.501809	0.000000	-0.029794	80.000000
1140067.875000	76	72.607811	0.501912	0.000000	-0.028811	80.000000
1140078.000000	76	72.593803	0.502012	0.000000	-0.027898	80.000000
1140088.125000	76	72.580223	0.502109	0.000000	-0.027047	80.000000
1140098.250000	76	72.567589	0.502203	0.000000	-0.025154	80.000000
1140108.375000	76	72.555283	0.502290	0.000000	-0.024495	80.000000
1140118.500000	76	72.543282	0.502376	0.000000	-0.023881	80.000000
1140128.625000	76	72.531570	0.502459	0.000000	-0.023310	80.000000
1140138.750000	76	72.520126	0.502540	0.000000	-0.022780	80.000000
1140148.875000	76	72.509476	0.502619	0.000000	-0.021185	80.000000
1140159.000000	76	72.499016	0.502693	0.000000	-0.020802	80.000000
1140169.125000	76	72.488739	0.502765	0.000000	-0.020446	80.000000
1140179.250000	76	72.478622	0.502837	0.000000	-0.020116	80.000000
1140189.375000	76	72.469215	0.502907	0.000000	-0.018705	80.000000
1140199.500000	76	72.460464	0.502972	0.000000	-0.017394	80.000000
1140209.625000	76	72.452332	0.503033	0.000000	-0.016174	80.000000
1140219.750000	76	72.444763	0.503089	0.000000	-0.015040	80.000000
1140229.875000	76	72.437729	0.503142	0.000000	-0.013985	80.000000
1140240.000000	76	72.431183	0.503191	0.000000	-0.013004	80.000000
1140250.000000	76	72.425171	0.497023	0.000000	-0.012091	80.000000
1140260.000000	76	72.419579	0.497065	0.000000	-0.011253	80.000000
1140270.000000	76	72.414375	0.497103	0.000000	-0.010473	80.000000
1140280.000000	76	72.409531	0.497139	0.000000	-0.009748	80.000000
1140290.000000	76	72.405022	0.497172	0.000000	-0.009073	80.000000
1140300.000000	76	72.400826	0.497203	0.000000	-0.008444	80.000000
1140310.000000	76	72.396919	0.497232	0.000000	-0.007859	80.000000
1140320.000000	76	72.393280	0.497259	0.000000	-0.007314	80.000000
1140330.000000	76	72.389893	0.497284	0.000000	-0.006807	80.000000
1140340.000000	76	72.386742	0.497307	0.000000	-0.006335	80.000000
1140350.000000	76	72.383812	0.497329	0.000000	-0.005895	80.000000
1140360.000000	76	72.381081	0.497349	0.000000	-0.005487	80.000000
1140370.000000	76	72.378540	0.497368	0.000000	-0.005106	80.000000
1140380.000000	76	72.376175	0.497385	0.000000	-0.004752	80.000000
1140390.000000	76	72.373978	0.497401	0.000000	-0.004422	80.000000
1140400.000000	76	72.371933	0.497416	0.000000	-0.004116	80.000000
1140410.000000	76	72.370026	0.497430	0.000000	-0.003831	80.000000
1140420.000000	76	72.368256	0.497444	0.000000	-0.003565	80.000000
1140430.000000	76	72.366608	0.497456	0.000000	-0.003318	80.000000
1140440.000000	76	72.365074	0.497467	0.000000	-0.003089	80.000000
1140450.000000	76	72.363647	0.497478	0.000000	-0.002875	80.000000
1140460.000000	76	72.362320	0.497487	0.000000	-0.002676	80.000000
1140470.000000	76	72.361084	0.497496	0.000000	-0.002491	80.000000
1140480.000000	76	72.359932	0.497505	0.000000	-0.002318	80.000000
1140490.000000	76	72.358856	0.497513	0.000000	-0.002158	80.000000
1140500.000000	76	72.357857	0.497520	0.000000	-0.002008	80.000000
1140510.000000	76	72.356926	0.497527	0.000000	-0.001869	80.000000
1140520.000000	76	72.356064	0.497534	0.000000	-0.001739	80.000000
1140530.000000	76	72.355255	0.497539	0.000000	-0.001619	80.000000
1140540.000000	76	72.354507	0.497545	0.000000	-0.001506	80.000000
1140550.000000	76	72.353813	0.497550	0.000000	-0.001402	80.000000
1140560.000000	76	72.353165	0.497555	0.000000	-0.001305	80.000000
1140570.000000	76	72.352562	0.497559	0.000000	-0.001214	80.000000
1140580.000000	76	72.351997	0.497564	0.000000	-0.001130	80.000000
1140590.000000	76	72.351471	0.497567	0.000000	-0.001052	80.000000
1140600.000000	76	72.350983	0.497571	0.000000	-0.000978	80.000000
1140610.000000	76	72.350533	0.497574	0.000000	-0.000910	80.000000
1140620.000000	76	72.350113	0.497578	0.000000	-0.000847	80.000000
1140630.000000	76	72.349724	0.497580	0.000000	-0.000789	80.000000
1140640.000000	76	72.349358	0.497583	0.000000	-0.000735	80.000000
1140650.000000	76	72.349014	0.497586	0.000000	-0.000684	80.000000
1140660.000000	76	72.348701	0.497588	0.000000	-0.000636	80.000000
1140670.000000	76	72.348404	0.497590	0.000000	-0.000592	80.000000
1140680.000000	76	72.348129	0.497592	0.000000	-0.000551	80.000000
1140690.000000	76	72.347878	0.497594	0.000000	-0.000512	80.000000
1140700.000000	76	72.347641	0.497596	0.000000	-0.000477	80.000000
1140710.000000	76	72.347420	0.497597	0.000000	-0.000444	80.000000
1140720.000000	76	72.347214	0.497599	0.000000	-0.000413	80.000000
1140730.000000	76	72.347023	0.497600	0.000000	-0.000385	80.000000
1140740.000000	76	72.346848	0.497602	0.000000	-0.000358	80.000000
1140750.000000	76	72.346680	0.497603	0.000000	-0.000334	80.000000
1140760.000000	76	72.346527	0.497604	0.000000	-0.000310	80.000000
1140770.000000	76	72.346382	0.497605	0.000000	-0.000289	80.000000
1140780.000000	76	72.346245	0.497606	0.000000	-0.000269	80.000000
1140790.000000	76	72.346123	0.497607	0.000000	-0.000250	80.000000
1140800.000000	76	72.346008	0.497608	0.000000	-0.000233	80.000000
1140810.000000	76	72.345901	0.497609	0.000000	-0.000217	80.000000
1140820.000000	76	72.345802	0.497609	0.000000	-0.000202	80.000000
1140830.000000	76	72.345711	0.497610	0.000000	-0.000188	80.000000
1140840.000000	76	72.345627	0.497611	0.000000	-0.000175	80.000000
1140850.000000	76	72.345543	0.497611	0.000000	-0.000163	80.000000
1140860.000000	76	72.345467	0.497612	0.000000	-0.000152	80.000000
1140870.000000	76	72.345398	0.497612	0.000000	-0.000141	80.000000
1140880.000000	76	72.345329	0.497613	0.000000	-0.000132	80.000000
1140890.000000	76	72.345268	0.497613	0.000000	-0.000122	80.000000
1140900.000000	76	72.345215	0.497614	0.000000	-0.000114	80.000000
1140910.000000	76	72.345161	0.497614	0.000000	-0.000106	80.000000
1140920.000000	76	72.345116	0.497614	0.000000	-0.000099	80.000000
1140930.000000	76	72.345070	0.497615	0.000000	-0.000092	80.000000
1140940.000000	76	72.345024	0.497615	0.000000	-0.000086	80.000000
1140950.000000	76	72.344986	0.497615	0.000000	-0.000079	80.000000
1140960.000000	76	72.344948	0.497616	0.000000	-0.000074	80.000000
1140970.000000	76	72.344917	0.497616	0.000000	-0.000069	80.000000
1140980.000000	76	72.344887	0.497616	0.000000	-0.000065	80.000000
1140990.000000	76	72.344856	0.497616	0.000000	-0.000060	80.000000
1141000.000000	76	72.344826	0.497617	0.000000	-0.000056	80.000000
1141010.000000	76	72.344803	0.497617	0.000000	-0.000052	80.000000
1141020.000000	76	72.344780	0.497617	0.000000	-0.000049	80.000000
1141030.000000	76	72.344757	0.497617	0.000000	-0.000045	80.000000
1141040.000000	76	72.344734	0.497617	0.000000	-0.000042	80.000000
1141050.000000	76	72.344711	0.497617	0.000000	-0.000039	80.000000
1141060.000000	76	72.344696	0.497618	0.000000	-0.000036	80.000000
1141070.000000	76	72.344681	0.497618	0.000000	-0.000034	80.000000
1141080.000000	76	72.344666	0.497618	0.000000	-0.000032	80.000000
1141090.000000	76	72.344650	0.497618	0.000000	-0.000029	80.000000
1141100.000000	76	72.344635	0.497618	0.000000	-0.000027	80.000000
1141110.000000	76	72.344620	0.497618	0.000000	-0.000025	80.000000
1141120.000000	76	72.344604	0.497618	0.000000	-0.000023	80.000000
1141130.000000	76	72.344597	0.497618	0.000000	-0.000021	80.000000
1141140.000000	76	72.344589	0.497618	0.000000	-0.000020	80.000000
1141150.000000	76	72.344582	0.497618	0.000000	-0.000019	80.000000
1141160.000000	76	72.344574	0.497618	0.000000	-0.000018	80.000000
1141170.000000	76	72.344566	0.497619	0.000000	-0.000017	80.000000
1141180.000000	76	72.344559	0.497619	0.000000	-0.000016	80.000000
1141190.000000	76	72.344551	0.497619	0.000000	-0.000015	80.000000
1141200.000000	76	72.344543	0.497619	0.000000	-0.000014	80.000000
1141210.000000	76	72.344536	0.497619	0.000000	-0.000012	80.000000
1141220.000000	76	72.344528	0.497619	0.000000	-0.000011	80.000000
1141230.000000	76	72.344521	0.497619	0.000000	-0.000010	80.000000
1141240.000000	76	72.344513	0.497619	0.000000	-0.000009	80.000000
1141250.000000	76	72.344505	0.497619	0.000000	-0.000008	80.000000
1141260.000000	76	72.344505	0.497619	0.000000	-0.000007	80.000000
