1134982.625000	36	72.893761	0.501453	0.000000	0.408708	80.000000
1134992.750000	26	72.688812	0.502865	0.000000	0.406063	80.000000
1135002.875000	16	72.484619	0.504281	0.000000	0.403420	80.000000
1135013.000000	6	72.281181	0.505699	0.000000	0.400778	80.000000
1135023.125000	0	72.078506	0.507119	0.000000	0.398138	80.000000
1135033.250000	0	71.876602	0.508551	0.000000	0.397879	80.000000
1135043.375000	0	71.674263	0.509985	0.000000	0.395241	80.000000
1135053.500000	0	71.472694	0.511422	0.000000	0.392605	80.000000
1135063.625000	0	71.271904	0.512861	0.000000	0.389970	80.000000
1135073.750000	0	71.071907	0.514311	0.000000	0.389716	80.000000
1135083.875000	0	70.871475	0.515764	0.000000	0.387083	80.000000
1135094.000000	0	70.671829	0.517219	0.000000	0.384451	80.000000
1135104.125000	0	70.472984	0.518677	0.000000	0.381821	80.000000
1135114.250000	0	70.274940	0.520137	0.000000	0.379193	80.000000
1135124.375000	0	70.077705	0.521608	0.000000	0.378946	80.000000
1135134.500000	0	69.880043	0.523082	0.000000	0.376319	80.000000
1135144.625000	0	69.683197	0.524557	0.000000	0.373694	80.000000
1135154.750000	0	69.487175	0.526035	0.000000	0.371071	80.000000
1135164.875000	0	69.291977	0.527524	0.000000	0.370829	80.000000
1135175.000000	0	69.096359	0.529015	0.000000	0.368207	80.000000
1135185.125000	0	68.901573	0.530510	0.000000	0.365891	80.000000
1135195.250000	0	68.707466	0.532007	0.000000	0.363357	80.000000
1135205.375000	0	68.514160	0.533505	0.000000	0.360740	80.000000
1135215.500000	0	68.321701	0.535016	0.000000	0.360588	80.000000
1135225.625000	0	68.128784	0.536529	0.000000	0.358057	80.000000
1135235.750000	0	67.936676	0.538044	0.000000	0.355528	80.000000
1135245.875000	0	67.745384	0.539561	0.000000	0.352916	80.000000
1135256.000000	0	67.554962	0.541090	0.000000	0.352769	80.000000
1135266.125000	0	67.364082	0.542620	0.000000	0.350243	80.000000
1135276.250000	0	67.174034	0.544153	0.000000	0.347719	80.000000
1135286.375000	0	66.984825	0.545688	0.000000	0.345196	80.000000
1135296.500000	0	66.796455	0.547223	0.000000	0.342590	80.000000
1135306.625000	0	66.608986	0.548772	0.000000	0.342450	80.000000
1135316.750000	0	66.421059	0.550311	0.000000	0.337552	80.000000
1135326.875000	0	66.235298	0.551851	0.000000	0.335035	80.000000
1135337.000000	0	66.050407	0.553389	0.000000	0.331775	80.000000
1135347.125000	0	65.866806	0.554926	0.000000	0.328601	80.000000
1135357.250000	0	65.684456	0.556474	0.000000	0.328470	80.000000
1135367.375000	0	65.501671	0.558021	0.000000	0.325298	80.000000
1135377.500000	0	65.320145	0.566492	0.000000	0.322125	80.000000
1135387.750000	0	65.137665	0.568072	0.000000	0.318871	80.000000
1135398.000000	0	64.956520	0.569661	0.000000	0.318082	80.000000
1135408.250000	0	64.775322	0.571251	0.000000	0.315575	80.000000
1135418.500000	0	64.595047	0.572838	0.000000	0.312408	80.000000
1135428.750000	0	64.416084	0.574422	0.000000	0.309160	80.000000
1135439.000000	0	64.238495	0.576015	0.000000	0.308377	80.000000
1135449.250000	0	64.060867	0.577617	0.000000	0.307595	80.000000
1135459.500000	0	63.883194	0.579232	0.000000	0.307474	80.000000
1135469.750000	0	63.705097	0.580856	0.000000	0.306692	80.000000
1135480.000000	0	63.526955	0.582489	0.000000	0.305826	80.000000
1135490.250000	0	63.348816	0.584132	0.000000	0.305045	80.000000
1135500.500000	0	63.170628	0.585789	0.000000	0.304926	80.000000
1135510.750000	0	62.992004	0.587455	0.000000	0.304146	80.000000
1135521.000000	0	62.813332	0.589131	0.000000	0.303366	80.000000
1135531.250000	0	62.634609	0.590817	0.000000	0.302502	80.000000
1135541.500000	0	62.455887	0.592513	0.000000	0.301723	80.000000
1135551.750000	0	62.277111	0.594223	0.000000	0.301605	80.000000
1135562.000000	0	62.097889	0.595944	0.000000	0.300827	80.000000
1135572.250000	0	61.918613	0.597675	0.000000	0.300048	80.000000
1135582.500000	0	61.739281	0.599416	0.000000	0.299186	80.000000
1135592.750000	0	61.559944	0.601168	0.000000	0.298409	80.000000
1135603.000000	0	61.380550	0.602934	0.000000	0.298293	80.000000
1135613.250000	0	61.200699	0.604703	0.000000	0.296090	80.000000
1135623.500000	0	61.021652	0.606483	0.000000	0.295230	80.000000
1135633.750000	0	60.842602	0.608271	0.000000	0.294059	80.000000
1135644.000000	0	60.663734	0.610071	0.000000	0.293285	80.000000
1135654.250000	0	60.484810	0.611883	0.000000	0.292776	80.000000
1135664.500000	0	60.305664	0.613704	0.000000	0.291606	80.000000
1135674.750000	0	60.126705	0.615534	0.000000	0.290352	80.000000
1135685.000000	0	59.947983	0.617372	0.000000	0.289183	80.000000
1135695.250000	0	59.769447	0.619227	0.000000	0.289073	80.000000
1135705.500000	0	59.590446	0.621090	0.000000	0.287905	80.000000
1135715.750000	0	59.411633	0.622963	0.000000	0.286738	80.000000
1135726.000000	0	59.233006	0.624845	0.000000	0.285488	80.000000
1135736.250000	0	59.054619	0.626736	0.000000	0.284322	80.000000
1135746.500000	0	58.876423	0.628644	0.000000	0.284215	80.000000
1135756.750000	0	58.697754	0.630562	0.000000	0.283050	80.000000
1135767.000000	0	58.519272	0.632488	0.000000	0.281886	80.000000
1135777.250000	0	58.340984	0.634425	0.000000	0.280638	80.000000
1135787.500000	0	58.162941	0.636373	0.000000	0.279871	80.000000
1135797.750000	0	57.984837	0.638336	0.000000	0.279370	80.000000
1135808.000000	0	57.806503	0.640310	0.000000	0.278208	80.000000
1135818.250000	0	57.628365	0.642292	0.000000	0.276962	80.000000
1135828.500000	0	57.450474	0.644285	0.000000	0.275802	80.000000
1135838.750000	0	57.272778	0.646296	0.000000	0.275700	80.000000
1135849.000000	0	57.094593	0.648317	0.000000	0.274540	80.000000
1135859.250000	0	56.916603	0.650348	0.000000	0.273381	80.000000
1135869.500000	0	56.738811	0.652390	0.000000	0.272138	80.000000
1135879.750000	0	56.561272	0.654442	0.000000	0.270980	80.000000
1135890.000000	0	56.383930	0.656512	0.000000	0.270881	80.000000
1135900.250000	0	56.206093	0.658594	0.000000	0.269724	80.000000
1135910.500000	0	56.028454	0.660686	0.000000	0.268567	80.000000
1135920.750000	0	55.851017	0.662789	0.000000	0.267327	80.000000
1135931.000000	0	55.673836	0.664903	0.000000	0.266172	80.000000
1135941.250000	0	55.496857	0.667036	0.000000	0.266076	80.000000
1135951.500000	0	55.319374	0.669180	0.000000	0.264922	80.000000
1135961.750000	0	55.142094	0.671335	0.000000	0.263684	80.000000
1135972.000000	0	54.965073	0.673502	0.000000	0.262531	80.000000
1135982.250000	0	54.788258	0.675683	0.000000	0.261776	80.000000
1135992.500000	0	54.611382	0.677882	0.000000	0.261285	80.000000
1136002.750000	0	54.434261	0.680092	0.000000	0.260134	80.000000
1136013.000000	0	54.257347	0.682314	0.000000	0.258899	80.000000
1136023.250000	0	54.080696	0.684547	0.000000	0.257749	80.000000
1136033.500000	0	53.904255	0.686802	0.000000	0.257657	80.000000
1136043.750000	0	53.727295	0.689069	0.000000	0.256508	80.000000
1136054.000000	0	53.550545	0.691348	0.000000	0.255360	80.000000
1136064.250000	0	53.374001	0.693639	0.000000	0.254128	80.000000
1136074.500000	0	53.197727	0.695942	0.000000	0.252981	80.000000
1136084.750000	0	53.021667	0.698267	0.000000	0.252892	80.000000
1136095.000000	0	52.845081	0.700606	0.000000	0.251746	80.000000
1136105.250000	0	52.668709	0.702954	0.000000	0.250296	80.000000
1136115.500000	0	52.492764	0.705314	0.000000	0.249067	80.000000
1136125.750000	0	52.317093	0.707691	0.000000	0.248236	80.000000
1136136.000000	0	52.141418	0.710085	0.000000	0.247584	80.000000
1136146.250000	0	51.965614	0.712491	0.000000	0.246273	80.000000
1136156.500000	0	51.790146	0.714908	0.000000	0.244961	80.000000
1136166.750000	0	51.615021	0.717263	0.000000	0.236285	80.000000
1136177.000000	0	51.445541	0.719612	0.000000	0.233306	80.000000
1136187.250000	0	51.277653	0.721977	0.000000	0.232665	80.000000
1136197.500000	0	51.109673	0.724331	0.000000	0.229292	80.000000
1136207.750000	0	50.943588	0.726672	0.000000	0.225921	80.000000
1136218.000000	0	50.779419	0.729002	0.000000	0.222637	80.000000
1136228.250000	0	50.617115	0.731353	0.000000	0.222400	80.000000
1136238.500000	0	50.454464	0.733689	0.000000	0.219033	80.000000
1136248.750000	0	50.293762	0.736012	0.000000	0.215669	80.000000
1136259.000000	0	50.135025	0.738321	0.000000	0.212308	80.000000
1136269.250000	0	49.978275	0.740622	0.000000	0.209694	80.000000
1136279.500000	0	49.822971	0.742943	0.000000	0.209465	80.000000
1136289.750000	0	49.667351	0.745255	0.000000	0.206768	80.000000
1136300.000000	0	49.513256	0.747558	0.000000	0.204073	80.000000
1136310.250000	0	49.360699	0.749853	0.000000	0.201464	80.000000
1136320.500000	0	49.209629	0.752143	0.000000	0.199170	80.000000
1136330.750000	0	49.059826	0.754446	0.000000	0.198551	80.000000
1136341.000000	0	48.910030	0.756740	0.000000	0.195861	80.000000
1136351.250000	0	48.761814	0.759022	0.000000	0.193174	80.000000
1136361.500000	0	48.615192	0.761294	0.000000	0.190572	80.000000
1136371.750000	0	48.470112	0.763584	0.000000	0.190356	80.000000
1136382.000000	0	48.324760	0.765862	0.000000	0.187672	80.000000
1136392.250000	0	48.181030	0.768127	0.000000	0.184990	80.000000
1136402.500000	0	48.038937	0.770379	0.000000	0.182309	80.000000
1136412.750000	0	47.898491	0.782069	0.000000	0.179714	80.000000
1136423.125000	0	47.757942	0.784381	0.000000	0.179503	80.000000
1136433.500000	0	47.617146	0.786679	0.000000	0.176824	80.000000
1136443.875000	0	47.478043	0.788963	0.000000	0.174148	80.000000
1136454.250000	0	47.340645	0.791230	0.000000	0.171473	80.000000
1136464.625000	0	47.204971	0.793483	0.000000	0.168885	80.000000
1136475.000000	0	47.070965	0.795752	0.000000	0.168682	80.000000
1136485.375000	0	46.936737	0.798004	0.000000	0.166011	80.000000
1136495.750000	0	46.804260	0.800239	0.000000	0.163342	80.000000
1136506.125000	0	46.673550	0.802456	0.000000	0.160674	80.000000
1136516.500000	0	46.544617	0.804655	0.000000	0.158093	80.000000
1136526.875000	0	46.417404	0.806870	0.000000	0.157897	80.000000
1136537.250000	0	46.290001	0.809065	0.000000	0.155234	80.000000
1136547.625000	0	46.164406	0.811240	0.000000	0.152572	80.000000
1136558.000000	0	46.040634	0.813394	0.000000	0.149912	80.000000
1136568.375000	0	45.918697	0.815534	0.000000	0.147735	80.000000
1136578.750000	0	45.798214	0.817688	0.000000	0.147546	80.000000
1136589.125000	0	45.677567	0.819826	0.000000	0.145286	80.000000
1136599.500000	0	45.558456	0.821947	0.000000	0.143028	80.000000
1136609.875000	0	45.440895	0.824050	0.000000	0.140771	80.000000
1136620.250000	0	45.324894	0.826137	0.000000	0.138601	80.000000
1136630.625000	0	45.210392	0.828238	0.000000	0.138418	80.000000
1136641.000000	0	45.095749	0.830319	0.000000	0.136164	80.000000
1136651.375000	0	44.982689	0.832382	0.000000	0.133912	80.000000
1136661.750000	0	44.871223	0.834426	0.000000	0.131746	80.000000
1136672.125000	0	44.761292	0.836450	0.000000	0.129497	80.000000
1136682.500000	0	44.652973	0.838487	0.000000	0.129321	80.000000
1136692.875000	0	44.544540	0.840502	0.000000	0.127073	80.000000
1136703.250000	0	44.437737	0.842496	0.000000	0.124828	80.000000
1136713.625000	0	44.332569	0.844469	0.000000	0.122668	80.000000
1136724.000000	0	44.228981	0.846420	0.000000	0.120425	80.000000
1136734.375000	0	44.127052	0.848381	0.000000	0.120255	80.000000
1136744.750000	0	44.025032	0.850319	0.000000	0.118014	80.000000
1136755.125000	0	43.924683	0.852234	0.000000	0.115775	80.000000
1136765.500000	0	43.826015	0.854125	0.000000	0.113621	80.000000
1136775.875000	0	43.728970	0.855991	0.000000	0.111385	80.000000
1136786.250000	0	43.633625	0.857867	0.000000	0.111221	80.000000
1136796.625000	0	43.538212	0.859717	0.000000	0.108986	80.000000
1136807.000000	0	43.444515	0.861541	0.000000	0.106753	80.000000
1136817.375000	0	43.352543	0.863340	0.000000	0.104606	80.000000
1136827.750000	0	43.262234	0.865111	0.000000	0.102376	80.000000
1136838.125000	0	43.173668	0.866890	0.000000	0.102218	80.000000
1136848.500000	0	43.085056	0.868641	0.000000	0.099990	80.000000
1136858.875000	0	42.998199	0.870363	0.000000	0.097763	80.000000
1136869.250000	0	42.913109	0.872050	0.000000	0.095146	80.000000
1136879.625000	0	42.830135	0.873706	0.000000	0.092923	80.000000
1136890.000000	0	42.748947	0.875366	0.000000	0.092640	80.000000
1136900.375000	0	42.667854	0.876994	0.000000	0.090286	80.000000
1136910.750000	0	42.588673	0.878588	0.000000	0.087934	80.000000
1136921.125000	0	42.511414	0.880151	0.000000	0.085800	80.000000
1136931.500000	0	42.435898	0.881680	0.000000	0.083451	80.000000
1136941.875000	0	42.362320	0.883211	0.000000	0.083174	80.000000
1136952.250000	0	42.288860	0.884707	0.000000	0.080827	80.000000
1136962.625000	0	42.217350	0.886167	0.000000	0.078482	80.000000
1136973.000000	0	42.147800	0.887594	0.000000	0.076355	80.000000
1136983.375000	0	42.080029	0.888984	0.000000	0.074012	80.000000
1136993.750000	0	42.014233	0.890376	0.000000	0.073743	80.000000
1137004.125000	0	41.948574	0.891729	0.000000	0.071402	80.000000
1137014.500000	0	41.884903	0.893044	0.000000	0.069063	80.000000
1137024.875000	0	41.823227	0.894325	0.000000	0.066943	80.000000
1137035.250000	0	41.763359	0.895565	0.000000	0.064607	80.000000
1137045.625000	0	41.705498	0.896806	0.000000	0.064344	80.000000
1137056.000000	0	41.647793	0.898009	0.000000	0.062095	80.000000
1137066.375000	0	41.592030	0.899172	0.000000	0.059847	80.000000
1137076.750000	0	41.538216	0.900298	0.000000	0.057733	80.000000
1137087.125000	0	41.486240	0.901385	0.000000	0.055488	80.000000
1137097.500000	0	41.436222	0.902473	0.000000	0.055316	80.000000
1137107.875000	0	41.386299	0.914418	0.000000	0.053073	80.000000
1137118.375000	0	41.337769	0.915491	0.000000	0.052902	80.000000
1137128.875000	0	41.289337	0.916566	0.000000	0.052863	80.000000
1137139.375000	0	41.240883	0.917642	0.000000	0.052693	80.000000
1137149.875000	0	41.192532	0.918718	0.000000	0.052522	80.000000
1137160.375000	0	41.144279	0.919795	0.000000	0.052352	80.000000
1137170.875000	0	41.096127	0.920871	0.000000	0.052181	80.000000
1137181.375000	0	41.048073	0.921951	0.000000	0.052143	80.000000
1137191.875000	0	41.000000	0.000000	0.000000	0.000000	80.000000
1137207.000000	41	41.000000	0.500000	0.000000	0.000000	80.000000
1137212.750000	41	40.974060	0.500000	0.000000	-0.051879	45.000000
1137218.500000	41	40.949921	0.500000	0.000000	-0.048275	45.000000
1137224.125000	41	40.927460	0.500000	0.000000	-0.044922	45.000000
1137229.750000	41	40.906624	0.500000	0.000000	-0.041669	45.000000
1137235.375000	41	40.887238	0.500000	0.000000	-0.038775	45.000000
1137241.000000	41	40.869263	0.500000	0.000000	-0.035949	45.000000
1137246.625000	41	40.852535	0.500000	0.000000	-0.033452	45.000000
1137252.250000	41	40.837036	0.500000	0.000000	-0.030996	45.000000
1137257.875000	41	40.822613	0.500000	0.000000	-0.028843	45.000000
1137263.500000	41	40.809193	0.500000	0.000000	-0.026840	45.000000
1137269.125000	41	40.796772	0.500000	0.000000	-0.024843	45.000000
1137274.750000	41	40.785213	0.500000	0.000000	-0.023118	45.000000
1137280.375000	41	40.774525	0.500000	0.000000	-0.021380	45.000000
1137286.000000	41	40.764576	0.500000	0.000000	-0.019895	45.000000
1137291.625000	41	40.755386	0.500000	0.000000	-0.018381	45.000000
1137297.250000	41	40.746834	0.500000	0.000000	-0.017104	45.000000
1137302.875000	41	40.738941	0.500000	0.000000	-0.015784	45.000000
1137308.500000	41	40.731598	0.500000	0.000000	-0.014687	45.000000
1137314.125000	41	40.724766	0.500000	0.000000	-0.013667	45.000000
1137319.750000	41	40.718472	0.500000	0.000000	-0.012586	45.000000
1137325.375000	41	40.712616	0.500000	0.000000	-0.011711	45.000000
1137331.000000	41	40.707233	0.500000	0.000000	-0.010766	45.000000
1137336.625000	41	40.702225	0.500000	0.000000	-0.010018	45.000000
1137342.250000	41	40.697628	0.500000	0.000000	-0.009190	45.000000
1137347.875000	41	40.693352	0.500000	0.000000	-0.008551	45.000000
1137353.500000	41	40.689373	0.500000	0.000000	-0.007957	45.000000
1137359.125000	41	40.685738	0.500000	0.000000	-0.007272	45.000000
1137364.750000	41	40.682354	0.500000	0.000000	-0.006767	45.000000
1137370.375000	41	40.679272	0.500000	0.000000	-0.006165	45.000000
1137376.000000	41	40.676403	0.500000	0.000000	-0.005737	45.000000
1137381.625000	41	40.673801	0.500000	0.000000	-0.005206	45.000000
1137387.250000	41	40.671379	0.500000	0.000000	-0.004845	45.000000
1137392.875000	41	40.669125	0.500000	0.000000	-0.004508	45.000000
1137398.500000	41	40.667091	0.500000	0.000000	-0.004063	45.000000
1137404.125000	41	40.665199	0.500000	0.000000	-0.003780	45.000000
1137409.750000	41	40.663506	0.500000	0.000000	-0.003385	45.000000
1137415.375000	41	40.661930	0.500000	0.000000	-0.003150	45.000000
1137421.000000	41	40.660530	0.500000	0.000000	-0.002799	45.000000
1137426.625000	41	40.659229	0.500000	0.000000	-0.002604	45.000000
1137432.250000	41	40.658016	0.500000	0.000000	-0.002424	45.000000
1137437.875000	41	40.656956	0.500000	0.000000	-0.002123	45.000000
1137443.500000	41	40.655968	0.500000	0.000000	-0.001976	45.000000
1137449.125000	41	40.655113	0.500000	0.000000	-0.001706	45.000000
1137454.750000	41	40.654320	0.500000	0.000000	-0.001587	45.000000
1137460.375000	41	40.653648	0.500000	0.000000	-0.001345	45.000000
1137466.000000	41	40.653023	0.500000	0.000000	-0.001252	45.000000
1137471.625000	41	40.652439	0.500000	0.000000	-0.001165	45.000000
1137477.250000	41	40.651962	0.500000	0.000000	-0.000951	45.000000
1137482.875000	41	40.651520	0.500000	0.000000	-0.000885	45.000000
1137488.500000	41	40.651173	0.500000	0.000000	-0.000691	45.000000
1137494.125000	41	40.650852	0.500000	0.000000	-0.000643	45.000000
1137499.750000	41	40.650620	0.500000	0.000000	-0.000466	45.000000
1137505.375000	41	40.650402	0.500000	0.000000	-0.000434	45.000000
1137511.000000	41	40.650265	0.500000	0.000000	-0.000271	45.000000
1137516.625000	41	40.650139	0.500000	0.000000	-0.000252	45.000000
1137522.250000	41	40.650021	0.500000	0.000000	-0.000235	45.000000
1137527.875000	41	40.649979	0.500000	0.000000	-0.000086	45.000000
1137533.500000	41	40.649937	0.500000	0.000000	-0.000080	45.000000
1137539.125000	41	40.649967	0.500000	0.000000	0.000058	45.000000
1137544.750000	41	40.649994	0.500000	0.000000	0.000053	45.000000
1137550.375000	41	40.650085	0.500000	0.000000	0.000182	45.000000
1137556.000000	41	40.650169	0.500000	0.000000	0.000169	45.000000
1137561.625000	41	40.650249	0.500000	0.000000	0.000158	45.000000
1137567.250000	41	40.650391	0.500000	0.000000	0.000279	45.000000
1137572.875000	41	40.650520	0.500000	0.000000	0.000259	45.000000
1137578.500000	41	40.650707	0.500000	0.000000	0.000373	45.000000
1137584.125000	41	40.650883	0.500000	0.000000	0.000348	45.000000
1137589.750000	41	40.651112	0.500000	0.000000	0.000455	45.000000
1137595.375000	41	40.651325	0.500000	0.000000	0.000424	45.000000
1137601.000000	41	40.651524	0.500000	0.000000	0.000394	45.000000
1137606.625000	41	40.651772	0.500000	0.000000	0.000499	45.000000
1137612.250000	41	40.652004	0.500000	0.000000	0.000464	45.000000
1137617.875000	41	40.652287	0.500000	0.000000	0.000564	45.000000
1137623.500000	41	40.652550	0.500000	0.000000	0.000525	45.000000
1137629.125000	41	40.652859	0.500000	0.000000	0.000621	45.000000
1137634.750000	41	40.653149	0.500000	0.000000	0.000578	45.000000
1137640.375000	41	40.653416	0.500000	0.000000	0.000537	45.000000
1137646.000000	41	40.653732	0.500000	0.000000	0.000633	45.000000
1137651.625000	41	40.654026	0.500000	0.000000	0.000589	45.000000
1137657.250000	41	40.654366	0.500000	0.000000	0.000680	45.000000
1137662.875000	41	40.654682	0.500000	0.000000	0.000633	45.000000
1137668.500000	41	40.655045	0.500000	0.000000	0.000721	45.000000
1137674.125000	41	40.655380	0.500000	0.000000	0.000671	45.000000
1137679.750000	41	40.655693	0.500000	0.000000	0.000624	45.000000
1137685.375000	41	40.656048	0.500000	0.000000	0.000713	45.000000
1137691.000000	41	40.656380	0.500000	0.000000	0.000664	45.000000
1137696.625000	41	40.656754	0.500000	0.000000	0.000750	45.000000
1137702.250000	41	40.657104	0.500000	0.000000	0.000698	45.000000
1137707.875000	41	40.657494	0.500000	0.000000	0.000782	45.000000
1137713.500000	41	40.657856	0.500000	0.000000	0.000728	45.000000
1137719.125000	41	40.658260	0.500000	0.000000	0.000810	45.000000
1137724.750000	41	40.658638	0.500000	0.000000	0.000753	45.000000
1137730.375000	41	40.658989	0.500000	0.000000	0.000701	45.000000
1137736.000000	41	40.659142	0.500000	0.000000	0.000309	45.000000
1137741.625000	41	40.659286	0.500000	0.000000	0.000287	45.000000
1137747.250000	41	40.659485	0.500000	0.000000	0.000399	45.000000
1137752.875000	41	40.659603	0.500000	0.000000	0.000240	45.000000
1137758.500000	41	40.659782	0.500000	0.000000	0.000356	45.000000
1137764.125000	41	40.659882	0.500000	0.000000	0.000198	45.000000
1137769.750000	41	40.659973	0.500000	0.000000	0.000185	45.000000
1137775.375000	41	40.660126	0.500000	0.000000	0.000304	45.000000
1137781.000000	41	40.660202	0.500000	0.000000	0.000151	45.000000
1137786.625000	41	40.660339	0.500000	0.000000	0.000272	45.000000
1137792.250000	41	40.660400	0.500000	0.000000	0.000121	45.000000
1137797.875000	41	40.660522	0.500000	0.000000	0.000245	45.000000
1137803.500000	41	40.660572	0.500000	0.000000	0.000096	45.000000
1137809.125000	41	40.660618	0.500000	0.000000	0.000089	45.000000
1137814.750000	41	40.660725	0.500000	0.000000	0.000215	45.000000
1137820.375000	41	40.660759	0.500000	0.000000	0.000067	45.000000
1137826.000000	41	40.660858	0.500000	0.000000	0.000195	45.000000
1137831.625000	41	40.660881	0.500000	0.000000	0.000049	45.000000
1137837.250000	41	40.660904	0.500000	0.000000	0.000046	45.000000
1137842.875000	41	40.660858	0.500000	0.000000	-0.000090	45.000000
1137848.500000	41	40.660816	0.500000	0.000000	-0.000083	45.000000
1137854.125000	41	40.660709	0.500000	0.000000	-0.000210	45.000000
1137859.750000	41	40.660610	0.500000	0.000000	-0.000195	45.000000
1137865.375000	41	40.660519	0.500000	0.000000	-0.000181	45.000000
1137871.000000	41	40.660370	0.500000	0.000000	-0.000301	45.000000
1137876.625000	41	40.660229	0.500000	0.000000	-0.000280	45.000000
1137882.250000	41	40.660034	0.500000	0.000000	-0.000393	45.000000
1137887.875000	41	40.659851	0.500000	0.000000	-0.000366	45.000000
1137893.500000	41	40.659615	0.500000	0.000000	-0.000473	45.000000
1137899.125000	41	40.659393	0.500000	0.000000	-0.000440	45.000000
1137904.750000	41	40.659187	0.500000	0.000000	-0.000409	45.000000
1137910.375000	41	40.658932	0.500000	0.000000	-0.000513	45.000000
1137916.000000	41	40.658691	0.500000	0.000000	-0.000477	45.000000
1137921.625000	41	40.658401	0.500000	0.000000	-0.000576	45.000000
1137927.250000	41	40.658134	0.500000	0.000000	-0.000536	45.000000
1137932.875000	41	40.657818	0.500000	0.000000	-0.000631	45.000000
1137938.500000	41	40.657524	0.500000	0.000000	-0.000587	45.000000
1137944.125000	41	40.657249	0.500000	0.000000	-0.000546	45.000000
1137949.750000	41	40.656929	0.500000	0.000000	-0.000640	45.000000
1137955.375000	41	40.656631	0.500000	0.000000	-0.000596	45.000000
1137961.000000	41	40.656288	0.500000	0.000000	-0.000687	45.000000
1137966.625000	41	40.655968	0.500000	0.000000	-0.000639	45.000000
1137972.250000	41	40.655605	0.500000	0.000000	-0.000727	45.000000
1137977.875000	41	40.655266	0.500000	0.000000	-0.000676	45.000000
1137983.500000	41	40.654953	0.500000	0.000000	-0.000629	45.000000
1137989.125000	41	40.654594	0.500000	0.000000	-0.000718	45.000000
1137994.750000	41	40.654259	0.500000	0.000000	-0.000668	45.000000
1138000.375000	41	40.653881	0.500000	0.000000	-0.000754	45.000000
1138006.000000	41	40.653530	0.500000	0.000000	-0.000702	45.000000
1138011.625000	41	40.653137	0.500000	0.000000	-0.000785	45.000000
1138017.250000	41	40.652771	0.500000	0.000000	-0.000730	45.000000
1138022.875000	41	40.652367	0.500000	0.000000	-0.000812	45.000000
1138028.500000	41	40.651989	0.500000	0.000000	-0.000756	45.000000
1138034.125000	41	40.651638	0.500000	0.000000	-0.000703	45.000000
1138039.750000	41	40.651245	0.500000	0.000000	-0.000787	45.000000
1138045.375000	41	40.650879	0.500000	0.000000	-0.000732	45.000000
1138051.000000	41	40.650471	0.500000	0.000000	-0.000814	45.000000
1138056.625000	41	40.650093	0.500000	0.000000	-0.000757	45.000000
1138062.250000	41	40.649673	0.500000	0.000000	-0.000837	45.000000
1138067.875000	41	40.649284	0.500000	0.000000	-0.000778	45.000000
1138073.500000	41	40.648922	0.500000	0.000000	-0.000724	45.000000
1138079.125000	41	40.648518	0.500000	0.000000	-0.000806	45.000000
1138084.750000	41	40.648144	0.500000	0.000000	-0.000750	45.000000
1138090.375000	41	40.647728	0.500000	0.000000	-0.000831	45.000000
1138096.000000	41	40.647343	0.500000	0.000000	-0.000773	45.000000
1138101.625000	41	40.646915	0.500000	0.000000	-0.000852	45.000000
1138107.250000	41	40.646519	0.500000	0.000000	-0.000792	45.000000
1138112.875000	41	40.646149	0.500000	0.000000	-0.000737	45.000000
1138118.500000	41	40.645741	0.500000	0.000000	-0.000818	45.000000
1138124.125000	41	40.645359	0.500000	0.000000	-0.000761	45.000000
1138129.750000	41	40.644939	0.500000	0.000000	-0.000841	45.000000
1138135.375000	41	40.644547	0.500000	0.000000	-0.000782	45.000000
1138141.000000	41	40.644115	0.500000	0.000000	-0.000860	45.000000
1138146.625000	41	40.643715	0.500000	0.000000	-0.000800	45.000000
1138152.250000	41	40.643341	0.500000	0.000000	-0.000744	45.000000
1138157.875000	41	40.642929	0.500000	0.000000	-0.000825	45.000000
1138163.500000	41	40.642544	0.500000	0.000000	-0.000768	45.000000
1138169.125000	41	40.642120	0.500000	0.000000	-0.000846	45.000000
1138174.750000	41	40.641727	0.500000	0.000000	-0.000787	45.000000
1138180.375000	41	40.641296	0.500000	0.000000	-0.000865	45.000000
1138186.000000	41	40.640892	0.500000	0.000000	-0.000805	45.000000
1138191.625000	41	40.640518	0.500000	0.000000	-0.000749	45.000000
1138197.250000	41	40.640102	0.500000	0.000000	-0.000829	45.000000
1138202.875000	41	40.639717	0.500000	0.000000	-0.000772	45.000000
1138208.500000	41	40.639294	0.500000	0.000000	-0.000850	45.000000
1138214.125000	41	40.638897	0.500000	0.000000	-0.000792	45.000000
1138219.750000	41	40.638462	0.500000	0.000000	-0.000869	45.000000
1138225.375000	41	40.638058	0.500000	0.000000	-0.000808	45.000000
1138231.000000	41	40.637062	0.500000	0.000000	-0.001995	45.000000
1138236.625000	41	40.636135	0.500000	0.000000	-0.001857	45.000000
1138242.250000	41	40.635273	0.500000	0.000000	-0.001728	45.000000
1138247.875000	41	40.634403	0.500000	0.000000	-0.001740	45.000000
1138253.500000	41	40.633438	0.500000	0.000000	-0.001928	45.000000
1138259.125000	41	40.632477	0.500000	0.000000	-0.001926	45.000000
1138264.750000	41	40.631428	0.500000	0.000000	-0.002102	45.000000
1138270.375000	41	40.630383	0.500000	0.000000	-0.002088	45.000000
1138276.000000	41	40.629257	0.500000	0.000000	-0.002252	45.000000
1138281.625000	41	40.628208	0.500000	0.000000	-0.002095	45.000000
1138287.250000	41	40.627167	0.500000	0.000000	-0.002082	45.000000
1138292.875000	41	40.626045	0.500000	0.000000	-0.002246	45.000000
1138298.500000	41	40.624935	0.500000	0.000000	-0.002222	45.000000
1138304.125000	41	40.623745	0.500000	0.000000	-0.002377	45.000000
1138309.750000	41	40.622574	0.500000	0.000000	-0.002344	45.000000
1138315.375000	41	40.621330	0.500000	0.000000	-0.002490	45.000000
1138321.000000	41	40.620171	0.500000	0.000000	-0.002317	45.000000
1138326.625000	41	40.619026	0.500000	0.000000	-0.002288	45.000000
1138332.250000	41	40.617805	0.500000	0.000000	-0.002438	45.000000
1138337.875000	41	40.616604	0.500000	0.000000	-0.002400	45.000000
1138343.500000	41	40.615334	0.500000	0.000000	-0.002542	45.000000
1138349.125000	41	40.614086	0.500000	0.000000	-0.002498	45.000000
1138354.750000	41	40.612770	0.500000	0.000000	-0.002633	45.000000
1138360.375000	41	40.611546	0.500000	0.000000	-0.002451	45.000000
1138366.000000	41	40.610340	0.500000	0.000000	-0.002413	45.000000
1138371.625000	41	40.609062	0.500000	0.000000	-0.002554	45.000000
1138377.250000	41	40.607807	0.500000	0.000000	-0.002509	45.000000
1138382.875000	41	40.606487	0.500000	0.000000	-0.002643	45.000000
1138388.500000	41	40.605190	0.500000	0.000000	-0.002592	45.000000
1138394.125000	41	40.603828	0.500000	0.000000	-0.002720	45.000000
1138399.750000	41	40.602562	0.500000	0.000000	-0.002531	45.000000
1138405.375000	41	40.601318	0.500000	0.000000	-0.002488	45.000000
1138411.000000	41	40.600006	0.500000	0.000000	-0.002623	45.000000
1138416.625000	41	40.598721	0.500000	0.000000	-0.002573	45.000000
1138422.250000	41	40.597370	0.500000	0.000000	-0.002704	45.000000
1138427.875000	41	40.596046	0.500000	0.000000	-0.002648	45.000000
1138433.500000	41	40.594662	0.500000	0.000000	-0.002773	45.000000
1138439.125000	41	40.593304	0.500000	0.000000	-0.002713	45.000000
1138444.750000	41	40.592041	0.500000	0.000000	-0.002524	45.000000
1138450.375000	41	40.590714	0.500000	0.000000	-0.002658	45.000000
1138456.000000	41	40.589413	0.500000	0.000000	-0.002605	45.000000
1138461.625000	41	40.588047	0.500000	0.000000	-0.002733	45.000000
1138467.250000	41	40.586708	0.500000	0.000000	-0.002676	45.000000
1138472.875000	41	40.585308	0.500000	0.000000	-0.002799	45.000000
1138478.500000	41	40.583939	0.500000	0.000000	-0.002736	45.000000
1138484.125000	41	40.583305	0.500000	0.000000	-0.001268	45.000000
1138489.750000	41	40.582714	0.500000	0.000000	-0.001181	45.000000
1138495.375000	41	40.582100	0.500000	0.000000	-0.001231	45.000000
1138501.000000	41	40.581593	0.500000	0.000000	-0.001013	45.000000
1138506.625000	41	40.581055	0.500000	0.000000	-0.001075	45.000000
1138512.250000	41	40.580399	0.500000	0.000000	-0.001309	45.000000
1138517.875000	41	40.579945	0.500000	0.000000	-0.000909	45.000000
1138523.500000	41	40.579369	0.500000	0.000000	-0.001155	45.000000
1138529.125000	41	40.579052	0.500000	0.000000	-0.000634	45.000000
1138534.750000	41	40.578690	0.500000	0.000000	-0.000722	45.000000
1138540.375000	41	40.578419	0.500000	0.000000	-0.000539	45.000000
1138546.000000	41	40.578102	0.500000	0.000000	-0.000634	45.000000
1138551.625000	41	40.577652	0.500000	0.000000	-0.000899	45.000000
1138557.250000	41	40.577389	0.500000	0.000000	-0.000527	45.000000
1138562.875000	41	40.576988	0.500000	0.000000	-0.000800	45.000000
1138568.500000	41	40.576836	0.500000	0.000000	-0.000303	45.000000
1138574.125000	41	40.576630	0.500000	0.000000	-0.000414	45.000000
1138579.750000	41	40.576504	0.500000	0.000000	-0.000253	45.000000
1138585.375000	41	40.576321	0.500000	0.000000	-0.000368	45.000000
1138591.000000	41	40.576214	0.500000	0.000000	-0.000210	45.000000
1138596.625000	41	40.576050	0.500000	0.000000	-0.000328	45.000000
1138602.250000	41	40.575745	0.500000	0.000000	-0.000614	45.000000
1138607.875000	41	40.575615	0.500000	0.000000	-0.000263	45.000000
1138613.500000	41	40.575493	0.500000	0.000000	-0.000245	45.000000
1138619.125000	41	40.575447	0.500000	0.000000	-0.000095	45.000000
1138624.750000	41	40.575336	0.500000	0.000000	-0.000221	45.000000
1138630.375000	41	40.575298	0.500000	0.000000	-0.000074	45.000000
1138636.000000	41	40.575199	0.500000	0.000000	-0.000201	45.000000
1138641.625000	41	40.574951	0.500000	0.000000	-0.000495	45.000000
1138647.250000	41	40.574875	0.500000	0.000000	-0.000152	45.000000
1138652.875000	41	40.574413	0.500000	0.000000	-0.000926	45.000000
1138658.500000	41	40.574203	0.500000	0.000000	-0.000421	45.000000
1138664.125000	41	40.573940	0.500000	0.000000	-0.000524	45.000000
1138669.750000	41	40.573761	0.500000	0.000000	-0.000355	45.000000
1138675.375000	41	40.573463	0.500000	0.000000	-0.000595	45.000000
1138681.000000	41	40.573032	0.500000	0.000000	-0.000862	45.000000
1138686.625000	41	40.572784	0.500000	0.000000	-0.000494	45.000000
1138692.250000	41	40.572399	0.500000	0.000000	-0.000768	45.000000
1138697.875000	41	40.572197	0.500000	0.000000	-0.000406	45.000000
1138703.500000	41	40.572006	0.500000	0.000000	-0.000378	45.000000
1138703.875000	41	40.572006	0.000000	0.000000	0.000000	45.000000
1138714.375000	43	40.829056	0.931677	0.000000	0.275901	80.000000
1138714.375000	41	40.572006	0.000000	0.000000	0.000000	80.000000
1138724.875000	60	41.472500	0.931677	0.000000	0.966528	80.000000
1138735.375000	60	42.347595	0.911447	0.000000	0.960118	80.000000
1138745.875000	60	43.198769	0.892613	0.000000	0.953576	80.000000
1138756.375000	60	44.027596	0.875025	0.000000	0.947202	80.000000
1138766.875000	60	44.835480	0.858552	0.000000	0.940984	80.000000
1138777.375000	60	45.623428	0.843082	0.000000	0.934603	80.000000
1138787.875000	60	46.392853	0.828522	0.000000	0.928672	80.000000
1138798.375000	60	47.145042	0.814781	0.000000	0.923179	80.000000
1138808.875000	60	47.880676	0.801781	0.000000	0.917498	80.000000
1138819.375000	60	48.600613	0.789463	0.000000	0.911934	80.000000
1138829.875000	68	49.305748	0.777768	0.000000	0.906612	80.000000
1138840.375000	68	49.993683	0.766645	0.000000	0.897331	80.000000
1138850.875000	69	50.668434	0.756096	0.000000	0.892413	80.000000
1138861.375000	69	51.329643	0.746027	0.000000	0.886309	80.000000
1138871.875000	71	51.977913	0.736417	0.000000	0.880301	80.000000
1138882.375000	71	52.613892	0.727232	0.000000	0.874518	80.000000
1138892.875000	72	53.237679	0.718441	0.000000	0.868248	80.000000
1138903.375000	72	53.850986	0.710023	0.000000	0.863785	80.000000
1138913.875000	73	54.453331	0.701937	0.000000	0.858117	80.000000
1138924.375000	73	55.045132	0.694172	0.000000	0.852528	80.000000
1138934.875000	75	55.626785	0.686709	0.000000	0.847013	80.000000
1138945.375000	75	56.198448	0.679529	0.000000	0.841263	80.000000
1138955.875000	76	56.761543	0.672616	0.000000	0.837172	80.000000
1138966.375000	76	57.315517	0.665944	0.000000	0.831863	80.000000
1138976.875000	76	57.860680	0.659507	0.000000	0.826619	80.000000
1138987.375000	76	58.397320	0.653293	0.000000	0.821438	80.000000
1138997.875000	76	58.925514	0.647290	0.000000	0.816010	80.000000
1139008.375000	76	59.446548	0.641488	0.000000	0.812230	80.000000
1139018.875000	76	59.959835	0.635865	0.000000	0.807223	80.000000
1139029.375000	76	60.465603	0.630422	0.000000	0.802271	80.000000
1139039.875000	76	60.956345	0.625149	0.000000	0.785001	80.000000
1139050.375000	76	61.439980	0.620116	0.000000	0.779908	80.000000
1139060.875000	76	61.915375	0.615235	0.000000	0.772706	80.000000
1139071.375000	76	62.382355	0.610511	0.000000	0.764902	80.000000
1139081.875000	76	62.840961	0.605941	0.000000	0.756853	80.000000
1139092.375000	76	63.293488	0.601519	0.000000	0.752304	80.000000
1139102.875000	76	63.738113	0.597218	0.000000	0.744493	80.000000
1139113.375000	76	64.175270	0.593052	0.000000	0.737137	80.000000
1139123.750000	76	64.599907	0.582000	0.000000	0.729616	80.000000
1139134.125000	76	65.017281	0.578174	0.000000	0.721881	80.000000
1139144.500000	76	65.429413	0.574463	0.000000	0.717418	80.000000
1139154.875000	76	65.833122	0.570844	0.000000	0.707220	80.000000
1139165.250000	76	66.228905	0.567344	0.000000	0.697604	80.000000
1139175.625000	76	66.616867	0.563953	0.000000	0.687939	80.000000
1139186.000000	76	66.997078	0.560669	0.000000	0.678132	80.000000
1139196.375000	76	67.371841	0.557487	0.000000	0.672234	80.000000
1139206.750000	76	67.739487	0.554386	0.000000	0.663155	80.000000
1139217.125000	76	68.100426	0.551377	0.000000	0.654617	80.000000
1139227.500000	76	68.454552	0.548455	0.000000	0.645686	80.000000
1139237.875000	76	68.799889	0.545617	0.000000	0.632924	80.000000
1139248.250000	76	69.140663	0.542879	0.000000	0.627724	80.000000
1139258.625000	76	69.474625	0.540203	0.000000	0.618212	80.000000
1139269.000000	76	69.802147	0.537606	0.000000	0.609223	80.000000
1139279.375000	76	70.123695	0.535084	0.000000	0.600925	80.000000
1139289.750000	76	70.438820	0.532630	0.000000	0.591634	80.000000
1139300.125000	76	70.734383	0.530247	0.000000	0.557408	80.000000
1139310.500000	76	71.004051	0.528032	0.000000	0.510699	80.000000
1139320.875000	76	71.250694	0.526026	0.000000	0.468876	80.000000
1139331.250000	76	71.476311	0.524205	0.000000	0.430395	80.000000
1139341.625000	76	71.682060	0.522551	0.000000	0.393741	80.000000
1139352.000000	76	71.871353	0.521051	0.000000	0.363296	80.000000
1139362.375000	76	72.043571	0.519679	0.000000	0.331396	80.000000
1139372.750000	76	72.200737	0.518436	0.000000	0.303154	80.000000
1139383.125000	76	72.344109	0.517308	0.000000	0.277143	80.000000
1139393.500000	76	72.474190	0.516283	0.000000	0.251952	80.000000
1139403.875000	76	72.593781	0.515356	0.000000	0.232053	80.000000
1139414.250000	76	72.701759	0.514507	0.000000	0.209868	80.000000
1139424.625000	76	72.799667	0.513743	0.000000	0.190581	80.000000
1139435.000000	76	72.888336	0.513052	0.000000	0.172830	80.000000
1139445.375000	76	72.967674	0.512428	0.000000	0.154824	80.000000
1139455.750000	76	73.040131	0.511871	0.000000	0.141557	80.000000
1139466.125000	76	73.104530	0.511363	0.000000	0.125943	80.000000
1139476.500000	76	73.161903	0.510912	0.000000	0.112290	80.000000
1139486.875000	76	73.212830	0.510512	0.000000	0.099749	80.000000
1139497.250000	76	73.257217	0.510157	0.000000	0.087005	80.000000
1139507.500000	76	73.296814	0.503705	0.000000	0.078611	80.000000
1139517.750000	76	73.330833	0.503433	0.000000	0.067579	80.000000
1139528.000000	76	73.360100	0.503199	0.000000	0.058162	80.000000
1139538.250000	76	73.385017	0.502998	0.000000	0.049539	80.000000
1139548.500000	76	73.405342	0.502827	0.000000	0.040421	80.000000
1139558.750000	76	73.423126	0.502688	0.000000	0.035383	80.000000
1139569.000000	76	73.436890	0.502566	0.000000	0.027391	80.000000
1139579.250000	76	73.447342	0.502472	0.000000	0.020798	80.000000
1139589.500000	76	73.454781	0.502401	0.000000	0.014800	80.000000
1139599.750000	76	73.458862	0.502350	0.000000	0.008118	80.000000
1139610.000000	76	73.461617	0.502322	0.000000	0.005477	80.000000
1139620.250000	76	73.461891	0.502303	0.000000	0.000551	80.000000
1139630.500000	76	73.459381	0.502301	0.000000	-0.004999	80.000000
1139640.750000	76	73.454834	0.502318	0.000000	-0.009058	80.000000
1139651.000000	76	73.449562	0.502349	0.000000	-0.010496	80.000000
1139661.250000	76	73.441887	0.502386	0.000000	-0.015273	80.000000
1139671.500000	76	73.432472	0.502438	0.000000	-0.018744	80.000000
1139681.750000	76	73.421494	0.502503	0.000000	-0.021841	80.000000
1139692.000000	76	73.408516	0.502578	0.000000	-0.025822	80.000000
1139702.250000	76	73.395401	0.502666	0.000000	-0.026085	80.000000
1139712.500000	76	73.380432	0.502756	0.000000	-0.029768	80.000000
1139722.750000	76	73.364227	0.502859	0.000000	-0.032222	80.000000
1139733.000000	76	73.346939	0.502970	0.000000	-0.034372	80.000000
1139743.250000	76	73.328087	0.503088	0.000000	-0.037473	80.000000
1139753.500000	76	73.309509	0.503218	0.000000	-0.036917	80.000000
1139763.750000	76	73.289459	0.503345	0.000000	-0.039838	80.000000
1139774.000000	76	73.268524	0.503483	0.000000	-0.041584	80.000000
1139784.250000	76	73.246834	0.503627	0.000000	-0.043075	80.000000
1139794.500000	76	73.224373	0.503776	0.000000	-0.044592	80.000000
1139804.625000	76	73.203186	0.497785	0.000000	-0.042563	80.000000
1139814.750000	76	73.181206	0.497929	0.000000	-0.044150	80.000000
1139824.875000	76	73.159027	0.498079	0.000000	-0.044525	80.000000
1139835.000000	76	73.136124	0.498230	0.000000	-0.045974	80.000000
1139845.125000	76	73.114250	0.498386	0.000000	-0.043883	80.000000
1139855.250000	76	73.091629	0.498535	0.000000	-0.045375	80.000000
1139865.375000	76	73.068306	0.498689	0.000000	-0.046762	80.000000
1139875.500000	76	73.044884	0.498848	0.000000	-0.046950	80.000000
1139885.625000	76	73.020821	0.499008	0.000000	-0.048226	80.000000
1139895.750000	76	72.997871	0.499173	0.000000	-0.045973	80.000000
1139905.875000	76	72.974243	0.499330	0.000000	-0.047315	80.000000
1139916.000000	76	72.950539	0.499491	0.000000	-0.047460	80.000000
1139926.125000	76	72.926208	0.499654	0.000000	-0.048696	80.000000
1139936.250000	76	72.903015	0.499820	0.000000	-0.046406	80.000000
1139946.375000	76	72.879158	0.499979	0.000000	-0.047714	80.000000
1139956.500000	76	72.854683	0.500143	0.000000	-0.048930	80.000000
1139966.625000	76	72.830193	0.500311	0.000000	-0.048957	80.000000
1139976.750000	76	72.805130	0.500479	0.000000	-0.050084	80.000000
1139986.875000	76	72.781250	0.500652	0.000000	-0.047692	80.000000
1139997.000000	76	72.758484	0.500816	0.000000	-0.045465	80.000000
1140007.125000	76	72.737297	0.500973	0.000000	-0.042291	80.000000
1140017.250000	76	72.717033	0.501118	0.000000	-0.040439	80.000000
1140027.375000	76	72.697624	0.501258	0.000000	-0.038716	80.000000
1140037.500000	76	72.679016	0.501392	0.000000	-0.037112	80.000000
1140047.625000	76	72.661148	0.501520	0.000000	-0.035620	80.000000
1140057.750000	76	72.644531	0.501644	0.000000	-0.033129	80.000000
1140067.875000	76	72.628517	0.501758	0.000000	-0.031915	80.000000
1140078.000000	76	72.613068	0.501869	0.000000	-0.030785	80.000000
1140088.125000	76	72.598145	0.501976	0.000000	-0.029733	80.000000
1140098.250000	76	72.584259	0.502079	0.000000	-0.027652	80.000000
1140108.375000	76	72.570793	0.502175	0.000000	-0.026819	80.000000
1140118.500000	76	72.557709	0.502268	0.000000	-0.026044	80.000000
1140128.625000	76	72.544991	0.502359	0.000000	-0.025322	80.000000
1140138.750000	76	72.532608	0.502447	0.000000	-0.024651	80.000000
1140148.875000	76	72.521088	0.502533	0.000000	-0.022925	80.000000
1140159.000000	76	72.509819	0.502612	0.000000	-0.022421	80.000000
1140169.125000	76	72.498787	0.502691	0.000000	-0.021952	80.000000
1140179.250000	76	72.487968	0.502767	0.000000	-0.021516	80.000000
1140189.375000	76	72.477905	0.502842	0.000000	-0.020008	80.000000
1140199.500000	76	72.468552	0.502912	0.000000	-0.018605	80.000000
1140209.625000	76	72.459846	0.502977	0.000000	-0.017301	80.000000
1140219.750000	76	72.451752	0.503037	0.000000	-0.016087	80.000000
1140229.875000	76	72.444229	0.503093	0.000000	-0.014959	80.000000
1140240.000000	76	72.437233	0.503146	0.000000	-0.013910	80.000000
1140250.000000	76	72.430801	0.496982	0.000000	-0.012935	80.000000
1140260.000000	76	72.424820	0.497026	0.000000	-0.012038	80.000000
1140270.000000	76	72.419250	0.497067	0.000000	-0.011204	80.000000
1140280.000000	76	72.414070	0.497105	0.000000	-0.010428	80.000000
1140290.000000	76	72.409248	0.497141	0.000000	-0.009706	80.000000
1140300.000000	76	72.404755	0.497174	0.000000	-0.009033	80.000000
1140310.000000	76	72.400574	0.497205	0.000000	-0.008407	80.000000
1140320.000000	76	72.396683	0.497234	0.000000	-0.007824	80.000000
1140330.000000	76	72.393059	0.497260	0.000000	-0.007281	80.000000
1140340.000000	76	72.389687	0.497285	0.000000	-0.006776	80.000000
1140350.000000	76	72.386551	0.497308	0.000000	-0.006306	80.000000
1140360.000000	76	72.383629	0.497330	0.000000	-0.005869	80.000000
1140370.000000	76	72.380913	0.497350	0.000000	-0.005462	80.000000
1140380.000000	76	72.378387	0.497369	0.000000	-0.005083	80.000000
1140390.000000	76	72.376038	0.497386	0.000000	-0.004731	80.000000
1140400.000000	76	72.373848	0.497402	0.000000	-0.004403	80.000000
1140410.000000	76	72.371811	0.497417	0.000000	-0.004098	80.000000
1140420.000000	76	72.369911	0.497431	0.000000	-0.003814	80.000000
1140430.000000	76	72.368149	0.497444	0.000000	-0.003549	80.000000
1140440.000000	76	72.366508	0.497456	0.000000	-0.003303	80.000000
1140450.000000	76	72.364983	0.497468	0.000000	-0.003075	80.000000
1140460.000000	76	72.363556	0.497478	0.000000	-0.002862	80.000000
1140470.000000	76	72.362228	0.497488	0.000000	-0.002663	80.000000
1140480.000000	76	72.360992	0.497497	0.000000	-0.002478	80.000000
1140490.000000	76	72.359848	0.497506	0.000000	-0.002306	80.000000
1140500.000000	76	72.358780	0.497513	0.000000	-0.002146	80.000000
1140510.000000	76	72.357788	0.497521	0.000000	-0.001997	80.000000
1140520.000000	76	72.356865	0.497528	0.000000	-0.001859	80.000000
1140530.000000	76	72.356003	0.497534	0.000000	-0.001730	80.000000
1140540.000000	76	72.355202	0.497540	0.000000	-0.001610	80.000000
1140550.000000	76	72.354454	0.497545	0.000000	-0.001498	80.000000
1140560.000000	76	72.353760	0.497551	0.000000	-0.001394	80.000000
1140570.000000	76	72.353111	0.497555	0.000000	-0.001297	80.000000
1140580.000000	76	72.352509	0.497560	0.000000	-0.001207	80.000000
1140590.000000	76	72.351952	0.497564	0.000000	-0.001123	80.000000
1140600.000000	76	72.351433	0.497568	0.000000	-0.001045	80.000000
1140610.000000	76	72.350952	0.497571	0.000000	-0.000973	80.000000
1140620.000000	76	72.350502	0.497575	0.000000	-0.000906	80.000000
1140630.000000	76	72.350082	0.497578	0.000000	-0.000843	80.000000
1140640.000000	76	72.349693	0.497581	0.000000	-0.000785	80.000000
1140650.000000	76	72.349327	0.497583	0.000000	-0.000730	80.000000
1140660.000000	76	72.348991	0.497586	0.000000	-0.000679	80.000000
1140670.000000	76	72.348679	0.497588	0.000000	-0.000633	80.000000
1140680.000000	76	72.348389	0.497590	0.000000	-0.000589	80.000000
1140690.000000	76	72.348114	0.497592	0.000000	-0.000549	80.000000
1140700.000000	76	72.347862	0.497594	0.000000	-0.000510	80.000000
1140710.000000	76	72.347626	0.497596	0.000000	-0.000475	80.000000
1140720.000000	76	72.347404	0.497598	0.000000	-0.000442	80.000000
1140730.000000	76	72.347198	0.497599	0.000000	-0.000411	80.000000
1140740.000000	76	72.347008	0.497600	0.000000	-0.000383	80.000000
1140750.000000	76	72.346832	0.497602	0.000000	-0.000356	80.000000
1140760.000000	76	72.346664	0.497603	0.000000	-0.000332	80.000000
1140770.000000	76	72.346512	0.497604	0.000000	-0.000308	80.000000
1140780.000000	76	72.346367	0.497605	0.000000	-0.000287	80.000000
1140790.000000	76	72.346237	0.497606	0.000000	-0.000267	80.000000
1140800.000000	76	72.346115	0.497607	0.000000	-0.000249	80.000000
1140810.000000	76	72.346001	0.497608	0.000000	-0.000232	80.000000
1140820.000000	76	72.345894	0.497609	0.000000	-0.000216	80.000000
1140830.000000	76	72.345795	0.497609	0.000000	-0.000201	80.000000
1140840.000000	76	72.345703	0.497610	0.000000	-0.000187	80.000000
1140850.000000	76	72.345619	0.497611	0.000000	-0.000174	80.000000
1140860.000000	76	72.345535	0.497611	0.000000	-0.000162	80.000000
1140870.000000	76	72.345459	0.497612	0.000000	-0.000151	80.000000
1140880.000000	76	72.345390	0.497612	0.000000	-0.000140	80.000000
1140890.000000	76	72.345322	0.497613	0.000000	-0.000130	80.000000
1140900.000000	76	72.345261	0.497613	0.000000	-0.000121	80.000000
1140910.000000	76	72.345207	0.497614	0.000000	-0.000112	80.000000
1140920.000000	76	72.345154	0.497614	0.000000	-0.000105	80.000000
1140930.000000	76	72.345108	0.497615	0.000000	-0.000098	80.000000
1140940.000000	76	72.345062	0.497615	0.000000	-0.000091	80.000000
1140950.000000	76	72.345016	0.497615	0.000000	-0.000085	80.000000
1140960.000000	76	72.344978	0.497615	0.000000	-0.000078	80.000000
1140970.000000	76	72.344940	0.497616	0.000000	-0.000073	80.000000
1140980.000000	76	72.344910	0.497616	0.000000	-0.000068	80.000000
